R1-PA1:VH,R1-PM1:V,R1-PA2:VH,R1-PM2:V,R1-PA3:VH,R1-PM3:V,R1-PA4:IH,R1-PM4:I,R1-PA5:IH,R1-PM5:I,R1-PA6:IH,R1-PM6:I,R1-PA7:VH,R1-PM7:V,R1-PA8:VH,R1-PM8:V,R1-PA9:VH,R1-PM9:V,R1-PA10:IH,R1-PM10:I,R1-PA11:IH,R1-PM11:I,R1-PA12:IH,R1-PM12:I,R1:F,R1:DF,R1-PA:Z,R1-PA:ZH,R1:S,R2-PA1:VH,R2-PM1:V,R2-PA2:VH,R2-PM2:V,R2-PA3:VH,R2-PM3:V,R2-PA4:IH,R2-PM4:I,R2-PA5:IH,R2-PM5:I,R2-PA6:IH,R2-PM6:I,R2-PA7:VH,R2-PM7:V,R2-PA8:VH,R2-PM8:V,R2-PA9:VH,R2-PM9:V,R2-PA10:IH,R2-PM10:I,R2-PA11:IH,R2-PM11:I,R2-PA12:IH,R2-PM12:I,R2:F,R2:DF,R2-PA:Z,R2-PA:ZH,R2:S,R3-PA1:VH,R3-PM1:V,R3-PA2:VH,R3-PM2:V,R3-PA3:VH,R3-PM3:V,R3-PA4:IH,R3-PM4:I,R3-PA5:IH,R3-PM5:I,R3-PA6:IH,R3-PM6:I,R3-PA7:VH,R3-PM7:V,R3-PA8:VH,R3-PM8:V,R3-PA9:VH,R3-PM9:V,R3-PA10:IH,R3-PM10:I,R3-PA11:IH,R3-PM11:I,R3-PA12:IH,R3-PM12:I,R3:F,R3:DF,R3-PA:Z,R3-PA:ZH,R3:S,R4-PA1:VH,R4-PM1:V,R4-PA2:VH,R4-PM2:V,R4-PA3:VH,R4-PM3:V,R4-PA4:IH,R4-PM4:I,R4-PA5:IH,R4-PM5:I,R4-PA6:IH,R4-PM6:I,R4-PA7:VH,R4-PM7:V,R4-PA8:VH,R4-PM8:V,R4-PA9:VH,R4-PM9:V,R4-PA10:IH,R4-PM10:I,R4-PA11:IH,R4-PM11:I,R4-PA12:IH,R4-PM12:I,R4:F,R4:DF,R4-PA:Z,R4-PA:ZH,R4:S,control_panel_log1,control_panel_log2,control_panel_log3,control_panel_log4,relay1_log,relay2_log,relay3_log,relay4_log,snort_log1,snort_log2,snort_log3,snort_log4,marker
12.118057,131810.1804,-107.847846,131183.3486,132.146986,131860.3269,10.089787,370.79775,-109.664122,369.8822,130.032772,370.61464,12.135246,131609.5942,0.0,0.0,0.0,0.0,10.147083,370.43153,0.0,0.0,0.0,0.0,60.0,0.0,10.04799176,0.037093,0,6.457234,130130.2713,-113.49721,130105.198,126.497622,130155.3446,-179.461841,375.74172,60.848118,374.45995,-59.547504,375.55861,6.485882,130130.2713,0.0,0.0,0.0,0.0,-179.387356,375.19239,0.0,0.0,0.0,0.0,59.999,0.0,9.772034825,-3.036511,0,6.428586,130080.1248,-113.537317,130055.0515,126.457515,130180.4178,-179.593621,373.17818,60.842388,372.44574,-59.59907,370.98086,6.445775,130105.198,0.0,0.0,0.0,0.0,-179.450381,372.07952,0.0,0.0,0.0,0.0,59.999,0.0,9.833985448,-3.027208,0,12.010803,132230.7344,-107.915958,132088.6094,132.025453,132314.2813,10.192566,368.379578,-109.690249,368.877411,130.229195,368.694305,12.038269,132210.4531,0.0,0.0,0.0,0.0,10.242004,368.648529,0.0,0.0,0.0,0.0,60.0,0.0,10.20461651,0.033325,0,0,0,0,0,0,0,0,0,0,0,0,0,1
12.049302,131810.1804,-107.92233,131183.3486,132.066772,131860.3269,9.986654,370.79775,-109.899035,370.61464,129.941098,370.43153,12.066491,131609.5942,0.0,0.0,0.0,0.0,10.003843,370.61464,0.0,0.0,0.0,0.0,60.0,0.0,10.07673147,0.037817,0,6.38275,130130.2713,-113.571694,130105.198,126.434597,130155.3446,-179.553514,375.74172,60.779363,374.27684,-59.587611,375.74172,6.411398,130130.2713,0.0,0.0,0.0,0.0,-179.456111,375.3755,0.0,0.0,0.0,0.0,60.0,0.0,9.775185041,-3.03651,0,6.359832,130080.1248,-113.611801,130055.0515,126.38303,130155.3446,-179.668105,373.17818,60.744985,372.44574,-59.662095,371.53019,6.37702,130105.198,0.0,0.0,0.0,0.0,-179.530596,372.44574,0.0,0.0,0.0,0.0,60.0,0.0,9.840973775,-3.028662,0,11.933899,132225.9844,-107.992859,132090.4688,131.95405,132312.0156,10.110169,368.528381,-109.789123,368.539795,130.135813,368.82019,11.961365,132208.1563,0.0,0.0,0.0,0.0,10.148621,368.619934,0.0,0.0,0.0,0.0,60.0,0.0,10.19076335,0.032429,0,0,0,0,0,0,0,0,0,0,0,0,0,1
12.043573,131810.1804,-107.92806,131183.3486,132.061042,131860.3269,9.958006,370.79775,-109.887576,370.61464,129.929639,370.24842,12.055032,131609.5942,0.0,0.0,0.0,0.0,9.998114,370.61464,0.0,0.0,0.0,0.0,59.999,0.0,10.07418362,0.0392,0,6.37702,130130.2713,-113.571694,130105.198,126.428867,130155.3446,-179.564973,375.74172,60.796552,374.64306,-59.610529,375.74172,6.405668,130130.2713,0.0,0.0,0.0,0.0,-179.456111,375.3755,0.0,0.0,0.0,0.0,60.0,0.0,9.776923869,-3.035508,0,6.354102,130080.1248,-113.617531,130055.0515,126.377301,130180.4178,-179.668105,373.17818,60.710608,372.44574,-59.644906,371.53019,6.371291,130105.198,0.0,0.0,0.0,0.0,-179.542055,372.44574,0.0,0.0,0.0,0.0,60.0,0.0,9.847274539,-3.029111,0,11.928406,132237.3438,-107.998357,132081.0781,131.948545,132311.0469,10.082703,368.505493,-109.772649,368.654236,130.141304,368.968964,11.955872,132207.5625,0.0,0.0,0.0,0.0,10.148621,368.700012,0.0,0.0,0.0,0.0,59.999001,0.0,10.19627837,0.033258,0,0,0,0,0,0,0,0,0,0,0,0,0,1
12.037843,131810.1804,-107.939519,131183.3486,132.061042,131860.3269,9.980925,370.79775,-109.870387,370.61464,129.906721,370.61464,12.049302,131609.5942,0.0,0.0,0.0,0.0,10.003843,370.61464,0.0,0.0,0.0,0.0,60.0,0.0,10.06939492,0.03759,0,6.365561,130130.2713,-113.583153,130105.198,126.417408,130155.3446,-179.587891,375.74172,60.704878,374.82617,-59.650636,375.74172,6.394209,130130.2713,0.0,0.0,0.0,0.0,-179.513407,375.3755,0.0,0.0,0.0,0.0,60.0,0.0,9.784745242,-3.03588,0,6.342643,130105.198,-113.62899,130055.0515,126.360112,130155.3446,-179.702483,373.36129,60.670501,372.81196,-59.673554,371.53019,6.354102,130105.198,0.0,0.0,0.0,0.0,-179.576432,372.44574,0.0,0.0,0.0,0.0,60.0,0.0,9.848191343,-3.028015,0,11.91742,132228.875,-108.00934,132087.0,131.937562,132320.1563,10.121155,368.745789,-109.767151,368.671417,130.124816,368.791565,11.944886,132208.2969,0.0,0.0,0.0,0.0,10.159608,368.728638,0.0,0.0,0.0,0.0,60.0,0.0,10.17733366,0.032471,0,0,0,0,0,0,0,0,0,0,0,0,0,1
11.94617,131810.1804,-108.031192,131183.3486,131.963639,131860.3269,9.860604,370.79775,-110.059463,370.79775,129.757752,370.79775,11.957629,131609.5942,0.0,0.0,0.0,0.0,9.849144,370.79775,0.0,0.0,0.0,0.0,60.0,0.0,10.07661854,0.037029,0,6.273888,130130.2713,-113.686286,130105.198,126.320005,130155.3446,-179.668105,375.92483,60.498614,375.19239,-59.719391,375.92483,6.302536,130130.2713,0.0,0.0,0.0,0.0,-179.633728,375.55861,0.0,0.0,0.0,0.0,60.0,0.0,9.798234151,-3.037246,0,6.256699,130080.1248,-113.714934,130055.0515,126.274169,130155.3446,-179.834263,373.17818,60.452777,372.99507,-59.759498,371.53019,6.262429,130105.198,0.0,0.0,0.0,0.0,-179.719672,372.62885,0.0,0.0,0.0,0.0,60.0,0.0,9.874885397,-3.027911,0,11.829529,132234.4063,-108.102722,132078.9688,131.84418,132320.2969,9.989319,368.814453,-109.926458,368.808746,129.981997,368.923187,11.856995,132210.5,0.0,0.0,0.0,0.0,10.016785,368.843079,0.0,0.0,0.0,0.0,60.0,0.0,10.1787329,0.032832,0,0,0,0,0,0,0,0,0,0,0,0,0,1
11.865956,131810.1804,-108.111406,131183.3486,131.889155,131860.3269,9.77466,370.98086,-110.162595,370.98086,129.694727,370.61464,11.877415,131609.5942,0.0,0.0,0.0,0.0,9.763201,370.79775,0.0,0.0,0.0,0.0,60.0,0.0,10.07529923,0.037889,0,6.199403,130130.2713,-113.76077,130105.198,126.25125,130155.3446,-179.794156,375.74172,60.378292,375.55861,-59.793876,375.74172,6.228051,130130.2713,0.0,0.0,0.0,0.0,-179.73686,375.74172,0.0,0.0,0.0,0.0,60.0,0.0,9.82022602,-3.03521,0,6.170755,130080.1248,-113.800877,130055.0515,126.199684,130180.4178,-179.954584,373.36129,60.326726,373.17818,-59.885549,371.53019,6.187944,130105.198,0.0,0.0,0.0,0.0,-179.839993,372.62885,0.0,0.0,0.0,0.0,60.0,0.0,9.86883746,-3.026958,0,11.752625,132236.4063,-108.17963,132084.3125,131.772763,132318.0938,9.884949,368.97467,-110.030823,368.871704,129.916086,369.100586,11.78009,132209.875,0.0,0.0,0.0,0.0,9.923401,368.97467,0.0,0.0,0.0,0.0,60.0,0.0,10.17889012,0.033233,0,0,0,0,0,0,0,0,0,0,0,0,0,1
11.659691,131810.1804,-108.317671,131183.3486,131.671431,131885.4002,9.539747,370.98086,-110.408967,370.98086,129.499921,370.79775,11.67115,131634.6675,0.0,0.0,0.0,0.0,9.545477,370.98086,0.0,0.0,0.0,0.0,60.0,0.0,10.0838419,0.037935,0,5.993139,130130.2713,-113.967035,130105.198,126.039256,130155.3446,179.977503,375.74172,60.068895,375.74172,-60.017329,375.74172,6.016057,130130.2713,0.0,0.0,0.0,0.0,-179.988962,375.74172,0.0,0.0,0.0,0.0,60.0,0.0,9.83284125,-3.035482,0,5.97022,130080.1248,-114.007142,130055.0515,125.98769,130180.4178,179.828534,373.36129,60.086084,373.17818,-60.109002,371.53019,5.981679,130105.198,0.0,0.0,0.0,0.0,179.937396,372.62885,0.0,0.0,0.0,0.0,60.0,0.0,9.870362018,-3.026977,0,11.543885,132230.9688,-108.388368,132082.8906,131.558541,132314.3281,9.670715,368.814453,-110.305486,368.940369,129.624942,368.968964,11.57135,132206.1875,0.0,0.0,0.0,0.0,9.659729,368.906006,0.0,0.0,0.0,0.0,60.0,0.0,10.18162503,0.032662,0,0,0,0,0,0,0,0,0,0,0,0,0,1
11.596666,131810.1804,-108.380697,131183.3486,131.614135,131860.3269,9.453804,370.98086,-110.466263,370.98086,129.402518,370.79775,11.608125,131609.5942,0.0,0.0,0.0,0.0,9.459533,370.98086,0.0,0.0,0.0,0.0,60.0,0.0,10.0789187,0.038643,0,5.924384,130130.2713,-114.03006,130105.198,125.97623,130155.3446,179.920207,375.92483,59.982952,375.92483,-60.086084,375.92483,5.958761,130130.2713,0.0,0.0,0.0,0.0,179.943125,375.92483,0.0,0.0,0.0,0.0,60.0,0.0,9.829297233,-3.036064,0,5.907195,130080.1248,-114.070167,130055.0515,125.930394,130155.3446,179.788427,373.36129,60.00587,373.36129,-60.172028,371.53019,5.918654,130105.198,0.0,0.0,0.0,0.0,179.87437,372.81196,0.0,0.0,0.0,0.0,60.0,0.0,9.874409259,-3.027628,0,11.48346,132235.0938,-108.448794,132082.3438,131.498108,132317.6563,9.61029,368.66571,-110.382387,369.232178,129.608468,369.083405,11.505432,132210.1563,0.0,0.0,0.0,0.0,9.61029,368.991852,0.0,0.0,0.0,0.0,59.999001,0.0,10.20472808,0.032693,0,0,0,0,0,0,0,0,0,0,0,0,0,1
55.685768,131183.3486,-64.303053,130556.5169,175.720426,131258.5685,51.640686,463.2683,-68.508564,463.63452,171.480539,462.90208,55.702957,131007.8358,0.0,0.0,0.0,0.0,51.537554,463.2683,0.0,0.0,0.0,0.0,60.0,0.0,8.042580277,0.069481,0,48.592551,128926.7543,-71.361893,128901.6811,168.644397,128951.8276,-136.094665,468.7616,104.031947,468.57849,-16.123032,468.7616,48.621198,128926.7543,0.0,0.0,0.0,0.0,-136.060288,468.7616,0.0,0.0,0.0,0.0,60.0,0.0,7.799559811,-3.058594,0,48.569632,128901.6811,-71.40773,128876.6078,168.592831,128976.9009,-136.30666,466.38117,103.877248,465.83184,-16.243353,464.91629,48.586821,128926.7543,0.0,0.0,0.0,0.0,-136.220716,465.64873,0.0,0.0,0.0,0.0,60.0,0.0,7.835440809,-3.051955,0,55.571597,131598.0625,-64.366152,131443.2188,175.586241,131667.4688,51.605532,460.796356,-68.453064,461.980835,171.515817,461.734772,55.599061,131569.375,0.0,0.0,0.0,0.0,51.556092,461.50589,0.0,0.0,0.0,0.0,60.0,0.0,8.126695027,0.067953,0,0,0,0,0,0,0,0,0,0,0,0,0,1
55.651391,131183.3486,-64.337431,130556.5169,175.67459,131233.4952,51.577661,463.2683,-68.56013,463.63452,171.446161,462.90208,55.66285,131007.8358,0.0,0.0,0.0,0.0,51.491717,463.2683,0.0,0.0,0.0,0.0,60.0,0.0,8.045237704,0.070211,0,48.558173,128926.7543,-71.402,128901.6811,168.598561,128951.8276,-136.134772,468.57849,103.974651,468.39538,-16.15741,468.7616,48.586821,128926.7543,0.0,0.0,0.0,0.0,-136.106124,468.57849,0.0,0.0,0.0,0.0,60.0,0.0,7.805321279,-3.059035,0,48.535255,128901.6811,-71.447837,128851.5345,168.552724,128976.9009,-136.352496,466.38117,103.825682,466.01495,-16.272001,464.91629,48.552444,128901.6811,0.0,0.0,0.0,0.0,-136.272282,465.83184,0.0,0.0,0.0,0.0,60.0,0.0,7.840150318,-3.051523,0,55.533143,131594.8906,-64.404606,131444.25,175.553292,131674.6094,51.561586,460.716248,-68.507999,461.81488,171.482855,461.79773,55.560611,131571.6719,0.0,0.0,0.0,0.0,51.517641,461.442932,0.0,0.0,0.0,0.0,59.999001,0.0,8.129704985,0.067554,0,0,0,0,0,0,0,0,0,0,0,0,0,1
55.462315,131208.4219,-64.532236,130556.5169,175.491243,131258.5685,51.251075,463.63452,-68.743476,463.45141,171.222708,462.90208,55.479503,131007.8358,0.0,0.0,0.0,0.0,51.251075,463.45141,0.0,0.0,0.0,0.0,60.0,0.0,8.033416461,0.074661,0,48.369097,128926.7543,-71.591077,128901.6811,168.409485,128951.8276,-136.369685,468.94471,103.72255,468.94471,-16.375134,468.94471,48.397745,128926.7543,0.0,0.0,0.0,0.0,-136.341037,468.94471,0.0,0.0,0.0,0.0,60.0,0.0,7.804314546,-3.057792,0,48.346179,128901.6811,-71.631184,128851.5345,168.369378,128976.9009,-136.57022,466.38117,103.602229,466.56428,-16.386593,464.73318,48.357638,128901.6811,0.0,0.0,0.0,0.0,-136.455629,465.83184,0.0,0.0,0.0,0.0,60.0,0.0,7.859112704,-3.04966,0,55.346375,131604.0,-64.591371,131436.8594,175.355531,131665.9375,51.303409,461.111084,-68.700256,461.620331,171.246653,462.0495,55.368348,131570.2031,0.0,0.0,0.0,0.0,51.286927,461.597443,0.0,0.0,0.0,0.0,59.999001,0.0,8.112724106,0.069169,0,0,0,0,0,0,0,0,0,0,0,0,0,1
55.450855,131183.3486,-64.543696,130556.5169,175.479784,131233.4952,51.239616,463.63452,-68.749206,463.45141,171.205519,462.90208,55.462315,131007.8358,0.0,0.0,0.0,0.0,51.233886,463.2683,0.0,0.0,0.0,0.0,60.0,0.0,8.030662307,0.074711,0,48.351908,128951.8276,-71.608265,128926.7543,168.403755,128951.8276,-136.381144,468.94471,103.71682,468.94471,-16.398052,468.94471,48.386286,128926.7543,0.0,0.0,0.0,0.0,-136.358226,468.94471,0.0,0.0,0.0,0.0,60.0,0.0,7.803939513,-3.05786,0,48.32899,128901.6811,-71.642643,128876.6078,168.352189,128976.9009,-136.587409,466.19806,103.573581,466.38117,-16.42097,464.91629,48.346179,128926.7543,0.0,0.0,0.0,0.0,-136.478547,465.83184,0.0,0.0,0.0,0.0,60.0,0.0,7.862247633,-3.050565,0,55.329897,131593.9531,-64.607852,131447.6719,175.344548,131669.7188,51.292422,461.05957,-68.716737,461.523071,171.246653,462.020874,55.357362,131570.2031,0.0,0.0,0.0,0.0,51.275941,461.540222,0.0,0.0,0.0,0.0,60.0,0.0,8.114420396,0.068936,0,0,0,0,0,0,0,0,0,0,0,0,0,1
55.244591,131208.4219,-64.75569,130556.5169,175.26779,131233.4952,50.987514,463.63452,-68.949741,463.63452,171.004984,463.08519,55.25032,131007.8358,0.0,0.0,0.0,0.0,51.016162,463.45141,0.0,0.0,0.0,0.0,59.999,0.0,8.037065634,0.076186,0,48.145644,128951.8276,-71.82026,128901.6811,168.186031,128976.9009,-136.593138,469.12782,103.522014,468.7616,-16.598587,468.7616,48.174291,128951.8276,0.0,0.0,0.0,0.0,-136.558761,468.7616,0.0,0.0,0.0,0.0,60.0,0.0,7.795534284,-3.057291,0,48.122725,128901.6811,-71.860367,128876.6078,168.140195,128976.9009,-136.822322,466.19806,103.344398,466.74739,-16.581399,465.0994,48.139914,128926.7543,0.0,0.0,0.0,0.0,-136.690541,466.01495,0.0,0.0,0.0,0.0,60.0,0.0,7.875850698,-3.049611,0,55.121157,131596.5,-64.81659,131451.8438,175.135804,131663.7344,51.023255,461.076721,-68.919983,461.826325,171.010438,462.015137,55.148621,131571.0313,0.0,0.0,0.0,0.0,51.039736,461.637512,0.0,0.0,0.0,0.0,60.0,0.0,8.116182133,0.071321,0,0,0,0,0,0,0,0,0,0,0,0,0,1
88.940239,131032.909,-31.048583,130406.0773,-151.031675,131083.0556,84.763376,483.59351,-35.741107,485.97394,-155.346047,483.77662,88.951698,130832.3229,0.0,0.0,0.0,0.0,84.562841,484.32595,0.0,0.0,0.0,0.0,59.999,0.0,7.755232991,0.069057,0,81.503246,128625.8751,-38.456927,128600.8018,-158.451478,128625.8751,-102.50215,489.26992,137.091612,491.10102,17.360621,489.81925,81.531894,128625.8751,0.0,0.0,0.0,0.0,-102.679767,490.00236,0.0,0.0,0.0,0.0,60.0,0.0,7.508008069,-3.075804,0,81.474598,128575.7286,-38.497034,128550.6553,-158.503044,128676.0216,-102.719874,486.88949,136.98275,489.26992,17.257489,486.15705,81.491787,128600.8018,0.0,0.0,0.0,0.0,-102.823006,487.43882,0.0,0.0,0.0,0.0,60.0,0.0,7.549109314,-3.067702,0,88.827211,131413.2969,-31.110535,131270.7969,-151.169135,131498.8594,84.734808,481.184021,-35.675355,483.558655,-155.371408,482.694641,88.849184,131392.9844,0.0,0.0,0.0,0.0,84.564517,482.477173,0.0,0.0,0.0,0.0,59.999001,0.0,7.81319992,0.066244,0,0,0,0,0,0,0,0,0,0,0,0,0,1
88.888672,131032.909,-31.105879,130406.0773,-151.088971,131083.0556,84.683162,483.77662,-35.775485,485.79083,-155.43772,484.14284,88.905861,130832.3229,0.0,0.0,0.0,0.0,84.494086,484.50906,0.0,0.0,0.0,0.0,60.0,0.0,7.743481653,0.069278,0,81.45168,128625.8751,-38.508493,128600.8018,-158.503044,128650.9484,-102.599552,489.81925,137.034316,491.28413,17.274678,489.63614,81.480328,128625.8751,0.0,0.0,0.0,0.0,-102.76571,490.18547,0.0,0.0,0.0,0.0,60.0,0.0,7.491751119,-3.073571,0,81.428762,128575.7286,-38.5486,128550.6553,-158.554611,128650.9484,-102.880302,487.0726,136.913995,489.08681,17.177275,486.34016,81.440221,128600.8018,0.0,0.0,0.0,0.0,-102.926138,487.43882,0.0,0.0,0.0,0.0,60.0,0.0,7.544447523,-3.064782,0,88.772283,131423.0938,-31.165467,131272.3125,-151.218571,131503.0156,84.58649,481.618897,-35.746765,483.558655,-155.459299,482.769013,88.799747,131398.2188,0.0,0.0,0.0,0.0,84.465637,482.643127,0.0,0.0,0.0,0.0,60.0,0.0,7.801791609,0.069146,0,0,0,0,0,0,0,0,0,0,0,0,0,1
88.504791,131007.8358,-31.48976,130381.004,-151.478582,131083.0556,83.984154,484.50906,-36.170826,485.79083,-156.136729,485.2415,88.51625,130832.3229,0.0,0.0,0.0,0.0,83.89248,485.2415,0.0,0.0,0.0,0.0,59.999,0.0,7.698103469,0.076883,0,81.062069,128600.8018,-38.898105,128575.7286,-158.898385,128650.9484,-103.235536,490.18547,136.667623,491.10102,16.644424,490.7348,81.084987,128600.8018,0.0,0.0,0.0,0.0,-103.31002,490.7348,0.0,0.0,0.0,0.0,59.999,0.0,7.460039882,-3.068015,0,81.039151,128575.7286,-38.938212,128550.6553,-158.944222,128650.9484,-103.481907,487.98815,136.524383,489.08681,16.524103,487.25571,81.056339,128575.7286,0.0,0.0,0.0,0.0,-103.470448,488.17126,0.0,0.0,0.0,0.0,60.0,0.0,7.497137975,-3.059843,0,88.387757,131422.7031,-31.555481,131277.5,-151.603097,131502.5313,83.971254,482.717529,-36.15326,483.695984,-156.123972,483.833313,88.415228,131398.7031,0.0,0.0,0.0,0.0,83.899844,483.409882,0.0,0.0,0.0,0.0,60.0,0.0,7.749570908,0.074413,0,0,0,0,0,0,0,0,0,0,0,0,0,1
88.441765,131007.8358,-31.547056,130381.004,-151.530148,131083.0556,83.881021,485.05839,-36.216662,485.97394,-156.234132,485.42461,88.453224,130832.3229,0.0,0.0,0.0,0.0,83.812266,485.42461,0.0,0.0,0.0,0.0,59.999,0.0,7.680252981,0.07852,0,81.004773,128600.8018,-38.9554,128575.7286,-158.955681,128625.8751,-103.332938,490.36858,136.581679,491.10102,16.581399,490.91791,81.033421,128600.8018,0.0,0.0,0.0,0.0,-103.390234,490.7348,0.0,0.0,0.0,0.0,60.0,0.0,7.458466692,-3.067294,0,80.981855,128575.7286,-39.001237,128550.6553,-159.001518,128650.9484,-103.590769,488.17126,136.426981,489.08681,16.443889,487.0726,80.993314,128600.8018,0.0,0.0,0.0,0.0,-103.573581,488.17126,0.0,0.0,0.0,0.0,60.0,0.0,7.493777703,-3.058262,0,88.327337,131419.1719,-31.610413,131281.4219,-151.663517,131503.9531,83.888855,482.894898,-36.191711,483.83905,-156.189884,483.884827,88.354801,131400.3281,0.0,0.0,0.0,0.0,83.839418,483.541504,0.0,0.0,0.0,0.0,60.0,0.0,7.744141053,0.075577,0,0,0,0,0,0,0,0,0,0,0,0,0,1
88.413117,131032.909,-31.581434,130381.004,-151.564526,131083.0556,83.846644,485.2415,-36.239581,485.79083,-156.291427,485.42461,88.424577,130832.3229,0.0,0.0,0.0,0.0,83.772159,485.42461,0.0,0.0,0.0,0.0,60.0,0.0,7.670546627,0.078565,0,80.964666,128600.8018,-38.989778,128600.8018,-158.984329,128625.8751,-103.407423,490.7348,136.57595,491.10102,16.495455,490.91791,80.999044,128600.8018,0.0,0.0,0.0,0.0,-103.4418,490.91791,0.0,0.0,0.0,0.0,60.0,0.0,7.44118459,-3.06568,0,80.947477,128575.7286,-39.029885,128550.6553,-159.035895,128650.9484,-103.590769,487.98815,136.426981,489.26992,16.386593,487.43882,80.964666,128600.8018,0.0,0.0,0.0,0.0,-103.590769,488.17126,0.0,0.0,0.0,0.0,60.0,0.0,7.495290462,-3.059607,0,88.294375,131420.6406,-31.643372,131273.875,-151.69648,131496.2656,83.828435,482.923523,-36.246643,483.913422,-156.217355,483.89624,88.321839,131397.8281,0.0,0.0,0.0,0.0,83.789981,483.570099,0.0,0.0,0.0,0.0,60.0,0.0,7.747823424,0.076319,0,0,0,0,0,0,0,0,0,0,0,0,0,1
88.229771,131007.8358,-31.759051,130381.004,-151.753602,131083.0556,83.560165,485.60772,-36.463034,485.97394,-156.474774,485.2415,88.24123,130832.3229,0.0,0.0,0.0,0.0,83.537247,485.60772,0.0,0.0,0.0,0.0,59.999,0.0,7.667010276,0.082253,0,80.792779,128600.8018,-39.167395,128600.8018,-159.167676,128625.8751,-103.670984,490.91791,136.404062,491.10102,16.300649,490.91791,80.815697,128600.8018,0.0,0.0,0.0,0.0,-103.653795,491.10102,0.0,0.0,0.0,0.0,60.0,0.0,7.43674351,-3.062644,0,80.76986,128575.7286,-39.207502,128550.6553,-159.219242,128650.9484,-103.8486,488.35437,136.220716,489.08681,16.203246,487.0726,80.787049,128575.7286,0.0,0.0,0.0,0.0,-103.808493,488.17126,0.0,0.0,0.0,0.0,60.0,0.0,7.486351266,-3.056677,0,88.113101,131420.75,-31.824648,131273.0938,-151.883244,131498.1719,83.581243,483.106628,-36.427919,483.798981,-156.415102,484.170898,88.140565,131396.0156,0.0,0.0,0.0,0.0,83.581243,483.678833,0.0,0.0,0.0,0.0,60.0,0.0,7.742450552,0.07788,0,0,0,0,0,0,0,0,0,0,0,0,0,1
88.155286,131007.8358,-31.833535,130381.004,-151.816627,131083.0556,83.479951,485.60772,-36.503141,485.97394,-156.560718,485.2415,88.172475,130832.3229,0.0,0.0,0.0,0.0,83.474221,485.60772,0.0,0.0,0.0,0.0,60.0,0.0,7.663014481,0.082818,0,80.718294,128600.8018,-39.23615,128600.8018,-159.23643,128625.8751,-103.756927,491.10102,136.283741,490.91791,16.243353,491.28413,80.752672,128600.8018,0.0,0.0,0.0,0.0,-103.739738,491.10102,0.0,0.0,0.0,0.0,60.0,0.0,7.436770699,-3.063561,0,80.695376,128575.7286,-39.281986,128550.6553,-159.287997,128650.9484,-103.963192,488.53748,136.146231,488.9037,16.117303,487.0726,80.712565,128575.7286,0.0,0.0,0.0,0.0,-103.894437,488.17126,0.0,0.0,0.0,0.0,60.0,0.0,7.479280835,-3.055525,0,88.041692,131420.0625,-31.896058,131273.0469,-151.949156,131499.1406,83.482363,483.060852,-36.493837,483.781799,-156.502993,483.833313,88.069156,131395.1406,0.0,0.0,0.0,0.0,83.493353,483.552918,0.0,0.0,0.0,0.0,60.0,0.0,7.74119892,0.079379,0,0,0,0,0,0,0,0,0,0,0,0,0,1
88.120909,131007.8358,-31.879372,130381.004,-151.862464,131083.0556,83.439844,485.79083,-36.566166,485.97394,-156.618013,485.42461,88.132368,130832.3229,0.0,0.0,0.0,0.0,83.416925,485.60772,0.0,0.0,0.0,0.0,60.0,0.0,7.657937316,0.082354,0,80.678187,128600.8018,-39.281986,128600.8018,-159.276538,128625.8751,-103.814223,491.28413,136.255093,491.10102,16.174599,491.10102,80.706835,128600.8018,0.0,0.0,0.0,0.0,-103.791305,491.10102,0.0,0.0,0.0,0.0,60.0,0.0,7.429337301,-3.062278,0,80.655269,128575.7286,-39.327823,128550.6553,-159.328104,128650.9484,-103.974651,488.53748,136.129043,489.26992,16.060007,487.43882,80.672458,128575.7286,0.0,0.0,0.0,0.0,-103.928815,488.35437,0.0,0.0,0.0,0.0,60.0,0.0,7.479271268,-3.056462,0,87.997746,131420.9844,-31.940003,131267.4219,-151.993101,131500.0313,83.432926,483.243958,-36.543274,483.947754,-156.568918,484.085083,88.02521,131394.2031,0.0,0.0,0.0,0.0,83.443909,483.753204,0.0,0.0,0.0,0.0,60.0,0.0,7.736307811,0.07927,0,0,0,0,0,0,0,0,0,0,0,0,0,1
-128.273791,131409.0081,111.743959,130782.1763,-8.250592,131459.1546,-126.692428,427.56185,107.635851,458.69055,-5.930113,422.25166,-128.256602,131233.4952,0.0,0.0,0.0,0.0,-128.434219,435.61869,-69.946688,19.59277,63.105572,18.86033,59.984,0.04,9.938880468,-0.048111,0,-135.269606,129202.5603,104.765333,129152.4138,-15.229218,129227.6336,45.641818,432.87204,-79.950531,463.45141,166.289541,427.56185,-135.252417,129202.5603,0.0,0.0,0.0,0.0,43.894297,440.74577,102.90895,19.59277,-125.03658,18.49411,59.982,0.03,9.606302343,3.104601,0,-135.292524,129152.4138,104.719496,129127.3405,-15.263596,129227.6336,45.20064,432.50582,-80.105229,460.88787,166.014521,425.73075,-135.275335,129177.487,0.0,0.0,0.0,0.0,43.613547,439.28089,100.657225,19.04344,-123.40938,17.57856,59.984,0.0,9.560212619,3.117513,0,-128.383487,131816.3281,111.678777,131679.2656,-8.363342,131891.4063,-126.850888,427.122131,107.641302,456.808106,-6.072693,423.042297,-128.356016,131798.4531,0.0,0.0,0.0,0.0,-128.520815,435.138702,-70.716247,18.671036,61.883242,18.436432,59.984001,0.04,9.941888227,-0.049497,0,0,0,0,0,0,0,0,0,0,0,0,0,1
-129.711915,130381.004,110.300105,129754.1723,-9.694446,130431.1505,-128.892586,435.25247,106.684742,459.42299,-8.153189,430.12539,-129.694727,130205.4911,0.0,0.0,0.0,0.0,-130.18747,441.2951,-73.000553,15.74746,63.048276,15.01502,59.993,0.03,9.411337394,-0.026427,0,-136.833781,128124.4097,103.189699,128074.2632,-16.776204,128124.4097,43.533333,440.19644,-80.792779,464.73318,164.186786,435.61869,-136.810862,128099.3364,0.0,0.0,0.0,0.0,42.249908,446.60529,100.513986,15.56435,-124.744371,14.83191,59.993,0.03,9.125286166,3.122959,0,-136.856699,128074.2632,103.155321,128049.1899,-16.8335,128149.483,43.195288,439.83022,-81.170931,462.90208,163.865929,433.05515,-136.850969,128099.3364,0.0,0.0,0.0,0.0,41.900404,444.9573,98.623225,16.11368,-124.125577,14.46569,59.991,0.03,9.102227,3.130913,0,-129.822703,130791.3672,110.228578,130642.4453,-9.808045,130879.3203,-129.004214,434.011475,106.537175,458.433167,-8.209534,429.599762,-129.795232,130771.4375,0.0,0.0,0.0,0.0,-130.289615,440.317139,-73.666076,15.649796,62.196351,15.386581,59.993,0.03,9.489765473,-0.027931,0,0,0,0,0,0,0,0,0,0,0,0,0,1
-130.794806,130330.8575,109.205756,129704.0257,-10.771607,130381.004,-131.052637,442.39376,105.573203,460.33854,-10.45075,438.18223,-130.783346,130130.2713,0.0,0.0,0.0,0.0,-132.015206,446.7884,-76.002852,12.08526,61.117408,11.53593,59.999,0.01,9.021708787,-0.004033,0,-137.93386,128049.1899,102.106809,128024.1166,-17.887742,128074.2632,41.40193,447.33773,-81.961613,465.83184,161.912143,444.04175,-137.910941,128049.1899,0.0,0.0,0.0,0.0,40.416443,452.2817,97.780977,11.90215,-127.924287,11.71904,59.999,0.01,8.760383909,-3.140325,0,-137.962508,127999.0434,102.055243,127973.9701,-17.933579,128074.2632,41.109722,446.7884,-82.13923,462.90208,161.574098,441.47821,-137.945319,128024.1166,0.0,0.0,0.0,0.0,40.147153,450.26749,95.821462,11.90215,-126.640862,10.43727,59.999,0.01,8.705909362,-3.133072,0,-130.910343,130734.5625,109.151921,130583.7813,-10.895691,130810.5156,-131.10809,440.408691,105.592348,458.284363,-10.571594,438.371643,-130.882872,130711.6406,0.0,0.0,0.0,0.0,-132.063907,445.495606,-75.319522,11.175156,58.09845,11.43837,60.0,0.0,9.081985476,-0.009002,0,0,0,0,0,0,0,0,0,0,0,0,0,1
-102.685496,132311.6458,137.343713,132311.6458,17.349162,132386.8656,-97.271045,247.38161,138.988102,260.56553,23.502729,247.01539,-102.662578,132336.7191,0.0,0.0,0.0,0.0,-98.308098,251.41003,-39.574195,7.14129,93.346284,8.05684,60.0,0.0,16.690402,-0.107913,0,-106.57013,131731.4219,133.486635,131583.1875,13.439026,131815.1563,69.029846,253.040314,-54.500429,263.305664,-170.274362,250.968933,-106.542666,131710.7031,0.0,0.0,0.0,0.0,68.046572,255.638123,121.632391,7.049561,-100.686954,6.952286,60.0,0.0,15.99960149,-3.076547,0,-106.57015,131283.6417,133.470518,131258.5685,13.464508,131283.6417,68.852338,251.77625,-54.511205,261.48108,-170.546617,249.0296,-106.541502,131258.5685,0.0,0.0,0.0,0.0,67.895499,253.97357,122.332219,6.95818,-99.37953,6.40885,60.0,0.0,15.93592465,-3.069961,0,-102.593823,132386.8656,137.401009,131734.9606,17.406458,132437.0121,-97.248127,246.83228,139.194367,257.08644,23.21052,245.3674,-102.593823,132186.2794,0.0,0.0,0.0,0.0,-98.313828,249.57893,-41.568088,6.77507,90.876836,6.59196,60.0,0.0,16.44239619,-0.107871,0,0,0,0,0,0,0,0,0,0,0,0,0,1
-104.12362,75846.64175,144.293691,121931.312,11.751364,123636.2944,-165.607721,1580.60552,137.676029,391.12296,19.669641,328.31623,-102.513609,106636.6173,81.491787,23192.77475,81.233956,7697.49389,-146.723032,667.25284,-177.496595,470.04337,-179.278494,503.73561,60.036,0.15,0.752793316,1.335138,2058,-97.918398,27773.88281,126.257631,122292.4609,13.070984,143515.8594,178.591005,1163.27478,-50.391541,395.496368,-170.730291,327.541351,-108.910221,97517.03906,77.731022,30925.13281,58.433532,40520.11328,142.187805,383.657471,-167.802435,458.873749,-165.083323,425.685883,60.037998,0.17,0.336680843,1.475169,0,-97.924217,27680.89008,126.234061,121981.4586,13.103545,142942.7123,5.477477,1213.65308,-75.149144,308.17413,-174.946933,467.11361,-108.907818,97183.99452,77.641511,30789.97556,58.533368,40418.11124,24.992419,597.12171,-8.95533,397.71492,-15.183382,283.8205,60.036,0.17,0.415835106,-1.539279,0,-102.08389,92520.3663,143.147776,122859.023,12.605071,124488.7856,-173.984364,1182.15816,114.408213,278.14409,12.387348,463.08519,-102.135457,112930.0081,79.337466,16774.01763,69.843555,3685.77069,-151.828086,558.66861,171.039361,408.70152,164.748284,289.68002,60.032,0.39,1.404021366,1.532351,0,0,0,0,0,0,0,0,0,0,0,0,0,1
-96.617873,132361.7923,143.405607,132336.7191,23.405326,132437.0121,-81.468869,324.28781,150.888435,390.57363,29.770887,399.91224,-96.600684,132386.8656,0.0,0.0,0.0,0.0,-87.29012,370.79775,64.967684,29.84693,51.554742,28.93138,59.962,1.35,12.54173984,-0.510155,0,-103.367618,131061.4922,136.678164,130915.2656,16.630554,131148.9531,90.068666,335.014343,-36.878357,394.168854,-158.299265,404.754639,-103.351137,131038.5234,0.0,0.0,0.0,0.0,84.66889,377.248779,-122.681577,27.963638,-140.100403,26.601791,59.994999,0.0,11.80275727,2.687751,0,-103.367316,130606.6634,136.656164,130581.5902,16.661613,130631.7367,78.74159,41.93219,-52.706388,57.13032,-160.6058,38.08688,-103.350127,130606.6634,0.0,0.0,0.0,0.0,74.157927,45.41128,155.116864,7.14129,-67.74653,6.04263,59.993,-0.01,143.0977974,-3.009248,0,-102.198482,131383.9348,137.819268,130732.0298,17.813258,131434.0813,-61.90236,41.93219,150.745196,69.94802,52.248021,48.70726,-102.187023,131183.3486,0.0,0.0,0.0,0.0,-75.584592,52.36946,9.700175,10.62038,107.802009,12.45148,60.021,0.72,184.5065058,-1.669428,0,0,0,0,0,0,0,0,0,0,0,0,0,1
-100.542634,133816.042,139.486575,133790.9687,19.474835,133891.2618,-93.558278,263.86151,144.299421,272.65079,23.703264,275.94677,-100.525445,133816.042,0.0,0.0,0.0,0.0,-95.208397,270.81969,51.468799,5.31019,24.723129,5.4933,59.986,0.04,14.52353216,-0.178782,0,-104.696965,133320.2969,135.35431,133177.875,15.323181,133401.5313,73.567203,268.323914,-48.199771,275.127411,-169.318545,278.663635,-104.6695,133298.5,0.0,0.0,0.0,0.0,71.996157,273.977295,-138.919382,5.189896,177.613223,4.846573,59.993,0.0,14.04835444,3.122073,0,-104.696578,132863.2577,135.326902,132838.1845,15.349539,132863.2577,64.595262,237.31056,-55.370641,236.76123,-175.353733,236.57812,-104.66793,132838.1845,0.0,0.0,0.0,0.0,64.62391,236.94434,0.0,0.0,0.0,0.0,59.993,0.0,15.8823269,-2.952753,0,-101.178617,133991.5549,138.839133,133339.6499,18.833123,134041.7014,-100.015513,231.81726,140.053803,231.81726,19.979038,231.63415,-101.167158,133790.9687,0.0,0.0,0.0,0.0,-99.992594,231.81726,0.0,0.0,0.0,0.0,59.999,-0.01,16.40921172,-0.018767,0,0,0,0,0,0,0,0,0,0,0,0,0,1
-103.012082,132035.8398,137.005668,132035.8398,17.022576,132111.0596,-94.308853,240.42343,143.926998,247.56472,23.296464,250.12826,-102.994893,132060.9131,0.0,0.0,0.0,0.0,-95.7126,246.09984,52.511582,4.21153,23.158954,4.21153,59.999,0.01,15.70818654,-0.200051,0,-106.82282,131874.1719,133.239451,131731.2656,13.191834,131951.5938,71.842348,242.694855,-49.787295,248.456955,-170.950018,251.260757,-106.789857,131853.0625,0.0,0.0,0.0,0.0,70.359192,247.421265,-140.86395,4.537582,173.636168,4.045486,59.999001,0.0,15.34321762,3.119104,0,-106.816522,131409.0081,133.218417,131383.9348,13.223866,131434.0813,66.78969,258.00199,-57.633825,270.81969,-177.731508,270.81969,-106.782144,131409.0081,0.0,0.0,0.0,0.0,63.764473,266.42505,-172.729587,8.23995,-174.202088,8.05684,59.999,0.0,14.64909364,-3.115984,0,-102.777169,132938.4775,137.223392,132286.5725,17.228841,132988.6241,-99.78633,250.8607,135.89413,263.86151,15.664666,264.04462,-102.777169,132737.8914,0.0,0.0,0.0,0.0,-102.788628,259.46687,23.164684,8.05684,19.171168,7.87373,59.999,0.0,15.24704651,-0.138309,0,0,0,0,0,0,0,0,0,0,0,0,0,1
-103.332938,132060.9131,136.679082,132035.8398,16.678801,132136.1329,-96.5262,245.00118,141.927375,250.8607,21.342678,253.24113,-103.321479,132060.9131,0.0,0.0,0.0,0.0,-97.758059,249.57893,49.795762,3.6622,18.294542,3.6622,60.0,0.01,15.37430285,-0.160595,0,-107.190858,131708.2031,132.865908,131558.4063,12.818299,131785.5781,69.601137,248.628616,-51.643982,253.274918,-172.537545,255.57518,-107.168885,131682.8906,0.0,0.0,0.0,0.0,68.464054,252.456665,-141.836241,3.576279,172.773747,3.210068,59.999001,0.0,14.99423342,-3.121255,0,-107.188944,131233.4952,132.851724,131208.4219,12.857173,131258.5685,66.783961,257.08644,-54.430991,260.74864,-177.129902,268.07304,-107.160296,131233.4952,0.0,0.0,0.0,0.0,65.047898,261.8473,-131.95218,6.40885,143.726463,6.04263,60.0,0.0,14.00749269,-3.090539,0,-103.166781,132587.4518,136.833781,131960.62,16.8335,132662.6716,-99.7806,251.22692,139.125612,254.88912,16.352215,262.03041,-103.166781,132411.9389,0.0,0.0,0.0,0.0,-101.459366,255.98778,62.710231,6.22574,-24.012661,5.85952,59.999,0.0,14.47987788,-0.111714,0,0,0,0,0,0,0,0,0,0,0,0,0,1
-103.355857,132060.9131,136.656164,132035.8398,16.655883,132161.2062,-96.726735,245.3674,141.766947,251.22692,21.251005,253.79046,-103.344398,132085.9864,0.0,0.0,0.0,0.0,-97.912758,250.12826,51.428692,3.47909,20.076441,3.6622,60.0,0.01,15.37375641,-0.157403,0,-107.212831,131711.7813,132.849433,131560.3594,12.796326,131778.7813,69.491274,249.034882,-51.836245,253.555298,-172.70233,255.861282,-107.185366,131682.2969,0.0,0.0,0.0,0.0,68.310245,252.782822,-143.973093,3.576279,171.993712,3.307343,60.0,0.0,14.96247919,-3.12072,0,-107.217592,131233.4952,132.823076,131208.4219,12.822795,131258.5685,66.806879,256.90333,-54.425261,260.38242,-177.118443,267.52371,-107.183215,131233.4952,0.0,0.0,0.0,0.0,65.065087,261.48108,-132.284496,6.22574,143.376959,6.04263,59.999,0.01,14.00878648,-3.090809,0,-103.189699,132587.4518,136.810862,131935.5467,16.804852,132637.5983,-99.677468,251.04381,139.165719,254.88912,16.369404,261.66419,-103.183969,132386.8656,0.0,0.0,0.0,0.0,-101.4078,255.80467,61.146056,6.40885,-23.938177,5.85952,60.0,0.01,14.48592067,-0.113796,0,0,0,0,0,0,0,0,0,0,0,0,0,1
-103.699631,132261.4993,136.318119,132236.426,16.317838,132336.7191,-99.660279,252.14247,139.211556,256.17089,18.861771,258.00199,-103.693902,132286.5725,0.0,0.0,0.0,0.0,-100.531175,255.43845,0.0,0.0,0.0,0.0,60.0,0.0,14.95278081,-0.100399,0,-107.591858,131701.2031,132.464907,131559.1875,12.422791,131788.0313,66.706237,256.954193,-54.077456,259.374634,-174.817203,261.508942,-107.564394,131681.1719,0.0,0.0,0.0,0.0,65.937198,259.2659,0.0,0.0,0.0,0.0,60.0,0.0,14.46896462,-3.06651,0,-107.584285,131233.4952,132.444924,131208.4219,12.450373,131258.5685,66.165166,256.90333,-54.642985,259.28376,-175.26779,260.56553,-107.561367,131233.4952,0.0,0.0,0.0,0.0,65.420321,258.91754,0.0,0.0,0.0,0.0,60.0,0.0,14.43646098,-3.05395,0,-103.602229,132386.8656,136.392603,131760.0339,16.392323,132437.0121,-100.158752,252.32558,139.079775,254.70601,18.414864,255.80467,-103.602229,132186.2794,0.0,0.0,0.0,0.0,-100.892138,254.33979,0.0,0.0,0.0,0.0,59.999,0.0,14.82273175,-0.080428,0,0,0,0,0,0,0,0,0,0,0,0,0,1
-103.71682,132261.4993,136.2952,132236.426,16.29492,132336.7191,-99.734763,252.32558,139.074046,256.53711,18.901878,258.1851,-103.705361,132286.5725,0.0,0.0,0.0,0.0,-100.588471,255.62156,0.0,0.0,0.0,0.0,60.0,0.0,14.98751893,-0.099498,0,-107.613831,131704.875,132.448433,131562.6094,12.395325,131792.3906,66.502991,257.40625,-54.280702,259.918213,-174.949039,261.720642,-107.586367,131685.4844,0.0,0.0,0.0,0.0,65.755925,259.660706,0.0,0.0,0.0,0.0,60.0,0.0,14.46212993,-3.062093,0,-107.612933,131258.5685,132.422006,131233.4952,12.427455,131258.5685,66.090682,256.72022,-54.71174,259.28376,-175.296437,260.38242,-107.578556,131233.4952,0.0,0.0,0.0,0.0,65.368755,258.73443,0.0,0.0,0.0,0.0,60.0,0.0,14.46672893,-3.052548,0,-103.630876,132386.8656,136.369685,131734.9606,16.375134,132437.0121,-100.164482,251.95936,139.005291,254.70601,18.386216,255.98778,-103.625147,132186.2794,0.0,0.0,0.0,0.0,-100.926516,254.15668,0.0,0.0,0.0,0.0,60.0,0.0,14.86950487,-0.082885,0,0,0,0,0,0,0,0,0,0,0,0,0,1
106.209187,131709.8873,-13.750987,131684.814,-133.762727,131785.1071,108.151513,323.00604,-12.553505,327.03446,-132.977775,326.85135,106.232105,131734.9606,0.0,0.0,0.0,0.0,107.532719,325.56958,0.0,0.0,0.0,0.0,59.999,0.0,11.59002493,-0.049227,0,101.241763,130914.4844,-18.695985,130756.3984,-138.7436,130990.6328,-82.361761,326.620117,156.766666,330.734253,36.307069,331.884399,101.269227,130887.25,0.0,0.0,0.0,0.0,-83.103335,329.721436,0.0,0.0,0.0,0.0,60.0,0.0,11.38346528,-3.100425,0,101.247372,130456.2238,-18.712802,130431.1505,-138.707353,130481.2971,-83.697675,331.06288,155.420532,334.72508,35.133772,335.27441,101.27602,130456.2238,0.0,0.0,0.0,0.0,-84.385224,333.62642,0.0,0.0,0.0,0.0,60.0,0.0,11.20414563,-3.074517,0,106.346696,132035.8398,-13.630666,131409.0081,-133.630947,132085.9864,107.166026,325.56958,-13.899956,329.41489,-134.312766,329.78111,106.358156,131860.3269,0.0,0.0,0.0,0.0,106.312319,328.31623,-123.208844,3.11287,0.0,0.0,59.999,0.0,11.50202085,-0.036411,0,0,0,0,0,0,0,0,0,0,0,0,0,1
106.151891,131785.1071,-13.808283,131760.0339,-133.820023,131860.3269,107.601474,324.65403,-13.097815,328.49934,-133.281442,327.40068,106.174809,131810.1804,0.0,0.0,0.0,0.0,107.062894,326.85135,0.0,0.0,0.0,0.0,60.0,0.0,11.57146244,-0.037098,0,101.175845,130940.8281,-18.75641,130791.7109,-138.809511,131033.2344,-82.933045,328.657166,156.250304,331.867218,36.004946,332.576752,101.197818,130923.3906,0.0,0.0,0.0,0.0,-83.564762,331.014648,0.0,0.0,0.0,0.0,60.0,0.0,11.32804689,-3.088047,0,101.172888,130481.2971,-18.770097,130456.2238,-138.781837,130481.2971,-83.840914,331.06288,155.500746,333.99264,35.105124,334.17575,101.201535,130481.2971,0.0,0.0,0.0,0.0,-84.413872,333.07709,0.0,0.0,0.0,0.0,59.999,0.0,11.17754013,-3.0685,0,106.266482,132035.8398,-13.71088,131383.9348,-133.711161,132085.9864,106.999868,325.56958,-13.854119,328.86556,-134.209634,329.23178,106.277941,131835.2537,0.0,0.0,0.0,0.0,106.306589,327.95001,0.0,0.0,0.0,0.0,60.0,0.0,11.50996347,-0.031002,0,0,0,0,0,0,0,0,0,0,0,0,0,1
106.111784,131835.2537,-13.84266,131785.1071,-133.8544,131885.4002,107.349373,325.56958,-13.361376,329.04867,-133.441871,328.13312,106.134702,131835.2537,0.0,0.0,0.0,0.0,106.84517,327.58379,0.0,0.0,0.0,0.0,60.0,0.0,11.55115536,-0.033437,0,101.1319,130956.1563,-18.794862,130814.625,-138.847965,131041.2656,-83.163762,329.561218,156.030576,332.75415,35.818178,333.35495,101.159364,130934.8516,0.0,0.0,0.0,0.0,-83.778991,331.872925,0.0,0.0,0.0,0.0,60.0,0.0,11.30365012,-3.084198,0,101.14424,130506.3704,-18.815934,130456.2238,-138.816215,130556.5169,-83.875292,330.87977,155.477827,333.44331,35.087935,333.62642,101.167158,130506.3704,0.0,0.0,0.0,0.0,-84.44252,332.71087,0.0,0.0,0.0,0.0,60.0,0.0,11.17699309,-3.067865,0,106.226375,132010.7666,-13.756717,131383.9348,-133.756997,132085.9864,106.954032,325.9358,-13.968711,328.68245,-134.163797,328.49934,106.237834,131835.2537,0.0,0.0,0.0,0.0,106.266482,327.7669,0.0,0.0,0.0,0.0,60.0,0.0,11.50023001,-0.029436,0,0,0,0,0,0,0,0,0,0,0,0,0,1
106.014381,131910.4735,-13.945793,131885.4002,-133.946073,131960.62,106.673282,327.58379,-13.84266,330.87977,-133.940344,329.04867,106.037299,131910.4735,0.0,0.0,0.0,0.0,106.29513,329.23178,0.0,0.0,0.0,0.0,60.0,0.0,11.48398782,-0.017659,0,101.033026,130995.4766,-18.899231,130849.6953,-138.946839,131079.9531,-83.735046,331.758484,155.580139,334.533691,35.428164,334.768311,101.06049,130975.2031,0.0,0.0,0.0,0.0,-84.24591,333.675385,0.0,0.0,0.0,0.0,60.0,0.0,11.2358376,-3.072501,0,101.035378,130531.4436,-18.913337,130506.3704,-138.925077,130556.5169,-84.184689,331.24599,155.30021,333.2602,34.973344,333.62642,101.058296,130531.4436,0.0,0.0,0.0,0.0,-84.643055,332.71087,0.0,0.0,0.0,0.0,59.999,0.0,11.171034,-3.062171,0,106.106054,132010.7666,-13.871308,131383.9348,-133.871589,132085.9864,106.541502,326.48513,-14.048925,328.49934,-134.358603,329.04867,106.111784,131835.2537,0.0,0.0,0.0,0.0,106.037299,327.95001,0.0,0.0,0.0,0.0,59.999,0.0,11.46273349,-0.020932,0,0,0,0,0,0,0,0,0,0,0,0,0,0
105.89406,131935.5467,-14.071843,131910.4735,-134.072124,132010.7666,106.043029,329.23178,-14.323945,331.79532,-134.484654,330.33044,105.911248,131960.62,0.0,0.0,0.0,0.0,105.745091,330.51355,0.0,0.0,0.0,0.0,60.0,0.0,11.40570821,-0.007006,0,100.901189,131017.125,-19.031067,130869.6719,-139.078675,131099.2031,-84.531555,333.927155,155.091248,335.580811,34.889832,336.044312,100.928654,130992.7344,0.0,0.0,0.0,0.0,-84.850163,335.186005,0.0,0.0,0.0,0.0,60.0,0.0,11.14282299,-3.055905,0,100.903597,130556.5169,-19.045117,130531.4436,-139.045398,130581.5902,-84.620137,331.97843,154.939247,333.99264,34.807186,333.62642,100.932245,130556.5169,0.0,0.0,0.0,0.0,-84.958182,333.2602,0.0,0.0,0.0,0.0,60.0,0.0,11.18352403,-3.053155,0,105.968544,132010.7666,-14.003089,131383.9348,-134.009099,132085.9864,106.220646,327.40068,-14.346863,329.23178,-134.547679,329.23178,105.980003,131835.2537,0.0,0.0,0.0,0.0,105.773739,328.68245,0.0,0.0,0.0,0.0,60.0,0.0,11.44317933,-0.015365,0,0,0,0,0,0,0,0,0,0,0,0,0,0
105.865412,131960.62,-14.094762,131935.5467,-134.100772,132010.7666,105.945626,329.78111,-14.364052,331.79532,-134.524761,330.33044,105.882601,131960.62,0.0,0.0,0.0,0.0,105.687795,330.69666,0.0,0.0,0.0,0.0,59.999,0.0,11.37560332,-0.004429,0,100.873718,131013.6484,-19.058533,130863.8906,-139.106146,131096.1094,-84.602971,334.178925,155.030828,335.700989,34.812928,336.290344,100.901189,130989.1641,0.0,0.0,0.0,0.0,-84.921572,335.391998,0.0,0.0,0.0,0.0,60.0,0.0,11.12872281,-3.055239,0,100.880679,130556.5169,-19.085224,130531.4436,-139.062587,130581.5902,-84.671703,332.16154,154.841844,333.62642,34.704054,333.99264,100.909327,130556.5169,0.0,0.0,0.0,0.0,-85.044126,333.2602,0.0,0.0,0.0,0.0,60.0,0.0,11.16162135,-3.05487,0,105.939896,132010.7666,-14.031736,131383.9348,-134.037747,132060.9131,106.002922,327.58379,-14.438536,329.41489,-134.559138,328.86556,105.957085,131835.2537,0.0,0.0,0.0,0.0,105.670606,328.49934,0.0,0.0,0.0,0.0,60.0,0.0,11.45594812,-0.008381,0,0,0,0,0,0,0,0,0,0,0,0,0,0
99.012837,131960.62,-20.958796,131910.4735,-140.970536,132035.8398,100.662955,436.53424,-25.238791,467.11361,-138.844863,432.1396,99.024296,131960.62,0.0,0.0,0.0,0.0,98.760735,444.59108,157.391506,20.1421,-73.338598,19.04344,59.98,0.04,9.734694807,-0.058021,0,92.002259,130243.4766,-27.946474,130111.7969,-147.983097,130335.7891,-87.080384,442.113892,147.356878,473.871216,33.758241,437.141419,92.024232,130231.4766,0.0,0.0,0.0,0.0,-88.755802,450.473785,-30.742494,19.901276,102.884219,19.483566,59.977001,0.08,9.522030281,3.105306,0,92.011292,129779.2455,-27.96607,129729.099,-147.960621,129854.4653,-87.238554,440.74577,147.42777,470.22648,33.598245,434.33692,92.028481,129779.2455,0.0,0.0,0.0,0.0,-88.831377,447.88706,-31.713214,19.40966,103.946003,18.311,59.977,0.08,9.44613393,3.112286,0,99.058673,132035.8398,-20.91296,131383.9348,-140.91324,132085.9864,100.473879,435.06936,-24.98096,464.91629,-138.793296,429.75917,99.070132,131835.2537,0.0,0.0,0.0,0.0,98.800842,442.75998,156.956058,19.22655,-69.791989,18.311,59.979,0.04,9.750104624,-0.044571,0,0,0,0,0,0,0,0,0,0,0,0,0,1
97.448662,130656.81,-22.528701,130631.7367,-142.54044,130732.0298,98.439879,444.59108,-26.911828,471.32514,-141.159612,440.01333,97.454391,130681.8832,0.0,0.0,0.0,0.0,96.709546,451.54926,154.698605,18.311,-76.094525,17.02923,59.988,0.03,9.311964299,-0.043642,0,90.277411,128872.2344,-29.649353,128727.8672,-149.707952,128951.0313,-89.107365,449.993134,146.022041,477.870941,31.544494,445.941925,90.304875,128849.1719,0.0,0.0,0.0,0.0,-90.585022,457.500458,-32.11029,17.463684,100.33539,17.091751,59.986,0.03,9.082540353,3.11264,0,90.286689,128425.2889,-29.684943,128400.2157,-149.662306,128475.4355,-89.306932,448.25328,145.783381,474.98734,31.415276,442.39376,90.309608,128425.2889,0.0,0.0,0.0,0.0,-90.779433,454.66213,-33.884724,17.94478,101.127051,16.84612,59.986,0.0,9.076224003,3.118648,0,97.500228,130732.0298,-22.482864,130105.198,-142.471685,130807.2496,98.308098,442.02754,-26.814425,470.04337,-141.113775,437.81601,97.511687,130556.5169,0.0,0.0,0.0,0.0,96.709546,449.53505,155.391884,17.94478,-73.281302,17.21234,59.988,0.03,9.404155012,-0.035111,0,0,0,0,0,0,0,0,0,0,0,0,0,1
96.961648,130330.8575,-23.021444,130305.7842,-143.010266,130406.0773,97.695034,446.42218,-27.198307,471.69136,-141.744029,442.21065,96.973107,130355.9307,0.0,0.0,0.0,0.0,96.176695,453.01414,153.145889,17.02923,-74.988716,16.29679,59.99,0.03,9.20437438,-0.034447,0,89.761048,128532.125,-30.182189,128379.4844,-150.229806,128617.4375,-89.832458,452.087402,145.802313,477.945313,30.918275,447.206482,89.783021,128508.8203,0.0,0.0,0.0,0.0,-91.101384,458.707825,-33.208923,16.244888,102.571109,15.815735,59.987999,0.03,8.9424198,3.123312,0,89.753839,128074.2632,-30.200605,128049.1899,-150.195156,128074.2632,-89.902808,449.90127,145.554198,475.71978,30.647512,445.50663,89.788216,128074.2632,0.0,0.0,0.0,0.0,-91.295095,456.67634,-32.234606,16.4799,100.210318,15.74746,59.988,0.03,8.943908687,3.12009,0,97.018943,130406.0773,-22.969878,129779.2455,-142.9587,130456.2238,97.632008,443.85864,-27.15247,470.22648,-141.829973,439.64711,97.030403,130205.4911,0.0,0.0,0.0,0.0,96.142318,450.99993,155.03092,16.84612,-73.44173,16.11368,59.991,0.03,9.269599956,-0.029016,0,0,0,0,0,0,0,0,0,0,0,0,0,1
95.930324,129879.5386,-24.052768,129854.4653,-144.047319,129979.8317,96.050645,451.91548,-28.160876,473.33935,-143.646249,449.35194,95.941783,129904.6119,0.0,0.0,0.0,0.0,94.698464,457.95811,153.111512,14.28258,-78.959314,13.73325,59.995,0.01,8.892488185,-0.023512,0,88.667911,128050.8359,-31.269839,127917.8828,-151.322937,128133.5547,-91.419985,457.53479,144.758606,479.936585,29.111024,454.364777,88.695375,128034.2891,0.0,0.0,0.0,0.0,-92.562567,463.668823,-33.82965,13.853073,98.945617,13.687134,59.997002,0.02,8.665084931,3.130425,0,88.665219,127597.871,-31.300684,127597.871,-151.283776,127622.9443,-91.593033,455.39457,144.84946,476.086,29.066149,450.99993,88.693867,127597.871,0.0,0.0,0.0,0.0,-92.601439,460.52165,-35.83851,13.36703,101.614065,12.8177,59.995,0.01,8.639275334,3.138235,0,95.97616,129954.7584,-24.006932,129327.9267,-143.990024,130004.905,95.83865,449.53505,-27.891585,470.5927,-143.577494,445.87285,95.987619,129779.2455,0.0,0.0,0.0,0.0,94.744301,455.02835,152.309371,13.36703,-73.138063,13.18392,59.997,0.01,8.932037361,-0.008867,0,0,0,0,0,0,0,0,0,0,0,0,0,0
95.557901,130029.9782,-24.425191,129979.8317,-144.431201,130080.1248,95.122453,455.02835,-28.556217,473.15624,-144.419742,451.54926,95.563631,130029.9782,0.0,0.0,0.0,0.0,94.005185,459.6061,149.238317,12.8177,-77.899342,12.26837,59.997,0.01,8.757173116,-0.008076,0,88.310856,128176.5938,-31.63788,128034.9219,-151.679992,128268.9609,-92.320867,460.733398,144.352114,479.736328,28.243104,457.700745,88.332828,128158.7266,0.0,0.0,0.0,0.0,-93.276676,465.837463,-36.598206,12.125015,98.357852,12.073517,59.999001,0.0,8.519125475,-3.141009,0,88.309985,127723.2374,-31.667377,127698.1641,-151.63901,127748.3107,-92.406633,458.50744,144.391094,475.17045,28.017636,454.66213,88.338633,127723.2374,0.0,0.0,0.0,0.0,-93.357743,462.53586,-37.093288,11.53593,97.448662,10.80349,59.999,0.01,8.462782699,-3.139458,0,95.615197,130080.1248,-24.379354,129453.293,-144.373905,130130.2713,95.019321,452.2817,-28.292656,470.77581,-144.362446,448.43639,95.615197,129879.5386,0.0,0.0,0.0,0.0,94.0854,457.04256,150.063376,12.08526,-72.845854,11.71904,59.999,0.01,8.807942885,0.002021,0,0,0,0,0,0,0,0,0,0,0,0,0,1
95.391743,130355.9307,-24.591349,130330.8575,-144.58017,130431.1505,94.475011,457.22567,-28.653619,471.69136,-145.244801,455.02835,95.403202,130381.004,0.0,0.0,0.0,0.0,93.500983,461.07098,148.728385,10.43727,-81.703782,10.07105,60.0,0.0,8.607906767,-0.000114,0,88.190002,128551.2734,-31.75873,128403.2344,-151.795354,128641.875,-92.969058,462.76474,144.165349,478.322998,27.539978,459.875122,88.211975,128534.3828,0.0,0.0,0.0,0.0,-93.782049,466.827393,-38.70758,10.425568,97.418524,10.271072,60.0,0.0,8.405843047,-3.130445,0,88.178205,128099.3364,-31.781969,128074.2632,-151.765061,128099.3364,-93.025428,459.42299,144.202018,474.2549,27.318628,457.40878,88.212582,128099.3364,0.0,0.0,0.0,0.0,-93.856216,463.63452,-36.720865,9.70483,94.858893,9.52172,60.0,0.0,8.399784161,-3.131536,0,95.449039,130431.1505,-24.545512,129779.2455,-144.545793,130481.2971,94.469281,453.56347,-28.430166,469.12782,-145.227612,451.54926,95.454769,130230.5644,0.0,0.0,0.0,0.0,93.581197,457.95811,151.965596,10.07105,-77.544108,9.88794,60.0,0.0,8.682783073,0.005532,0,0,0,0,0,0,0,0,0,0,0,0,0,1
95.219856,130982.7625,-24.757506,130932.6159,-144.769246,131057.9823,93.13429,462.90208,-29.100526,471.14203,-146.803246,461.62031,95.231315,130982.7625,0.0,0.0,0.0,0.0,92.395174,465.0994,145.244801,7.14129,-89.788216,6.59196,60.0,0.0,8.34572277,0.021589,0,88.085637,129185.7969,-31.857607,129032.7578,-151.916207,129276.1953,-94.468695,468.029022,143.819277,477.264404,25.677796,468.034729,88.10761,129160.9219,0.0,0.0,0.0,0.0,-94.996033,471.061707,-36.449892,5.619049,89.69513,5.990982,60.0,0.0,8.12255053,-3.106075,0,88.080802,128726.1682,-31.890831,128726.1682,-151.879652,128751.2415,-94.463552,464.73318,143.829595,472.97313,25.582566,464.00074,88.10945,128726.1682,0.0,0.0,0.0,0.0,-95.019321,467.11361,-35.901535,5.67641,88.688137,5.4933,59.999,0.0,8.122797998,-3.106232,0,95.265693,131032.909,-24.723129,130406.0773,-144.71768,131083.0556,93.088453,459.23988,-28.756752,468.39538,-146.705843,457.775,95.271422,130832.3229,0.0,0.0,0.0,0.0,92.526954,461.80342,148.883083,6.40885,-79.612486,6.22574,59.999,0.0,8.412835304,0.030508,0,0,0,0,0,0,0,0,0,0,0,0,0,1
95.718329,130556.5169,-24.247574,130506.3704,-144.265043,130631.7367,98.726358,431.95649,-23.136036,440.01333,-143.096209,441.2951,95.735518,130556.5169,0.0,0.0,0.0,0.0,97.488769,437.6329,-139.056857,5.12708,-141.617978,5.85952,59.991,0.03,8.646633925,-0.089693,0,88.948065,129865.5625,-31.000671,129713.6094,-151.031807,129952.5391,-89.261174,433.805481,149.197081,442.514404,29.182434,442.502991,88.975529,129843.1875,0.0,0.0,0.0,0.0,-90.293885,439.567566,36.433411,4.915237,35.955506,4.875183,59.990002,0.02,8.580896229,3.080217,0,88.951698,129403.1465,-31.019935,129378.0732,-151.003027,129453.293,-95.695411,484.32595,141.566412,498.42542,21.468729,498.79164,88.980346,129403.1465,0.0,0.0,0.0,0.0,-97.568983,493.66456,25.38203,9.33861,22.26514,9.1555,59.99,0.02,7.648502518,-3.113138,0,96.337124,132712.8181,-23.651698,132085.9864,-143.646249,132788.0379,91.438335,475.71978,-31.312144,489.81925,-151.409827,490.00236,96.342853,132537.3052,0.0,0.0,0.0,0.0,89.559033,485.05839,-147.490796,9.33861,-150.034728,9.1555,59.99,0.01,7.988650201,0.032803,0,0,0,0,0,0,0,0,0,0,0,0,0,1
110.63815,136799.7611,-9.322023,136774.6879,-129.316574,136900.0542,113.147705,434.15381,-12.914469,468.94471,-125.941853,429.75917,110.661069,136824.8344,0.0,0.0,0.0,0.0,111.302781,443.67553,169.824691,21.24076,-57.524963,21.24076,59.962,-0.16,10.33249965,-0.068188,0,103.894964,135232.8594,-16.053772,135081.2969,-136.095891,135331.2031,-74.753723,440.700531,159.425358,473.230347,46.079407,435.10437,103.911438,135213.5625,0.0,0.0,0.0,0.0,-76.528014,449.060425,-18.630067,20.811081,114.875791,20.021439,59.959999,0.0,9.960508674,3.096216,0,103.894437,134743.753,-16.065737,134743.753,-136.048829,134768.8263,-75.06893,440.37955,159.454154,470.40959,45.779328,434.15381,103.923085,134743.753,0.0,0.0,0.0,0.0,-76.713319,447.70395,-19.646723,19.77588,115.485373,18.67722,59.96,0.0,9.845221472,3.10542,0,110.724094,136874.9809,-9.264728,136198.0026,-129.265008,136950.2007,113.124787,433.60448,-12.679556,465.83184,-126.25125,429.02673,110.729824,136674.3948,0.0,0.0,0.0,0.0,111.291322,442.21065,170.884662,20.1421,-58.315644,19.40966,59.96,-0.16,10.21528473,-0.066063,0,0,0,0,0,0,0,0,0,0,0,0,0,1
102.582364,129729.099,-17.400728,129704.0257,-137.395279,129804.3188,102.169834,468.94471,-21.783855,494.03078,-137.062964,466.01495,102.593823,129754.1723,0.0,0.0,0.0,0.0,101.046837,475.90289,158.955681,14.83191,-66.159437,15.38124,59.993,0.03,8.645465948,-0.004542,0,95.007023,127767.8828,-24.930727,127616.9063,-144.972842,127841.0938,-84.734808,475.444794,151.344916,499.208435,35.878601,471.51947,95.028996,127740.2656,0.0,0.0,0.0,0.0,-85.893864,481.744751,-28.01239,14.974594,106.295475,14.694214,59.991001,0.03,8.345808141,3.125147,0,95.019321,127296.9918,-24.952312,127271.9185,-144.935404,127347.1383,-84.912345,473.33935,151.255128,495.86188,35.620786,469.67715,95.042239,127322.0651,0.0,0.0,0.0,0.0,-86.058261,479.38198,-28.09785,14.46569,105.046082,14.09947,59.991,0.03,8.317212393,3.127503,0,102.639659,129804.3188,-17.331973,129152.4138,-137.343713,129854.4653,102.072431,468.39538,-21.634886,490.00236,-137.257769,463.63452,102.651119,129603.7326,0.0,0.0,0.0,0.0,101.012459,473.70557,157.397236,14.28258,-65.523453,13.73325,59.993,0.02,8.564407937,0.000823,0,0,0,0,0,0,0,0,0,0,0,0,0,0
101.636983,129929.6851,-18.334649,129904.6119,-138.329201,130004.905,100.238966,474.98734,-22.861016,494.03078,-139.142801,473.88868,101.654172,129929.6851,0.0,0.0,0.0,0.0,99.37953,480.84686,155.649715,11.16971,-70.531105,12.26837,59.999,0.0,8.362687779,0.012524,0,94.08966,127959.75,-25.853577,127819.0078,-145.890204,128047.0703,-86.827701,482.276917,150.301209,499.397278,33.758241,479.312897,94.111633,127940.0703,0.0,0.0,0.0,0.0,-87.618719,486.825928,-32.35199,11.043549,104.883729,11.135101,60.0,0.01,8.051343693,-3.133421,0,94.102588,127497.578,-25.863315,127497.578,-145.857866,127497.578,-86.929157,480.11442,150.28683,495.86188,33.621163,475.90289,94.119777,127497.578,0.0,0.0,0.0,0.0,-87.70265,483.77662,-33.162797,10.9866,105.836764,10.43727,60.0,0.0,8.024843874,-3.129454,0,101.700009,129979.8317,-18.271624,129352.9999,-138.283364,130029.9782,100.210318,474.2549,-22.66621,490.36858,-139.263122,470.5927,101.711468,129779.2455,0.0,0.0,0.0,0.0,99.396718,478.10021,154.589743,10.9866,-68.164789,10.62038,59.999,0.01,8.29661192,0.01847,0,0,0,0,0,0,0,0,0,0,0,0,0,1
110.758471,130581.5902,-9.201702,130556.5169,-129.219171,130656.81,106.277941,478.83265,-13.865579,477.36777,-133.894507,478.83265,110.769931,130581.5902,0.0,0.0,0.0,0.0,106.169079,478.28332,0.0,0.0,0.0,0.0,59.999,0.0,7.723953379,0.074049,0,103.504946,128742.3594,-16.421814,128599.125,-136.480417,128826.6875,-81.081852,483.33551,158.985904,484.079346,38.932802,484.027863,103.53241,128721.6016,0.0,0.0,0.0,0.0,-81.054388,483.816162,0.0,0.0,0.0,0.0,60.0,0.0,7.575585527,-3.061023,0,103.504826,128274.8493,-16.443889,128249.7761,-136.449899,128299.9226,-81.148013,480.84686,158.949952,480.66375,38.852268,480.84686,103.533474,128274.8493,0.0,0.0,0.0,0.0,-81.119365,480.84686,0.0,0.0,0.0,0.0,59.999,0.0,7.570885987,-3.059439,0,110.810038,130606.6634,-9.167325,129979.8317,-129.150417,130681.8832,106.232105,474.80423,-13.739528,475.71978,-133.756997,474.80423,110.827226,130431.1505,0.0,0.0,0.0,0.0,106.243564,475.17045,0.0,0.0,0.0,0.0,59.999,0.01,7.826232602,0.081465,0,0,0,0,0,0,0,0,0,0,0,0,0,0
110.437615,131007.8358,-9.534018,130957.6892,-129.534298,131057.9823,106.106054,476.63533,-14.11768,475.71978,-134.12369,477.18466,110.454804,131007.8358,0.0,0.0,0.0,0.0,105.951356,476.45222,0.0,0.0,0.0,0.0,60.0,0.0,7.792197763,0.069949,0,103.230291,129183.0078,-16.696473,129050.8828,-136.744089,129274.0391,-81.329043,481.739044,158.711248,482.522949,38.641662,482.826233,103.263246,129167.6797,0.0,0.0,0.0,0.0,-81.323552,482.368469,0.0,0.0,0.0,0.0,60.0,0.0,7.625282313,-3.062671,0,103.241265,128726.1682,-16.713179,128701.0949,-136.719189,128751.2415,-81.417303,479.38198,158.692121,479.01576,38.594437,478.83265,103.269913,128726.1682,0.0,0.0,0.0,0.0,-81.377196,479.01576,0.0,0.0,0.0,0.0,59.999,0.0,7.617532528,-3.058363,0,110.494911,131032.909,-9.488181,130406.0773,-129.477003,131108.1288,105.974274,473.15624,-13.940063,473.70557,-133.997639,473.33935,110.50064,130857.3961,0.0,0.0,0.0,0.0,106.008651,473.33935,0.0,0.0,0.0,0.0,59.999,0.0,7.872800716,0.080389,0,0,0,0,0,0,0,0,0,0,0,0,0,0
110.357401,131007.8358,-9.614232,130982.7625,-129.620242,131083.0556,106.014381,476.45222,-14.174976,475.90289,-134.198175,477.18466,110.36886,131032.909,0.0,0.0,0.0,0.0,105.876871,476.45222,0.0,0.0,0.0,0.0,60.0,0.0,7.799176057,0.070736,0,103.153383,129198.5781,-16.773377,129050.8828,-136.83198,129278.5938,-81.44989,481.916443,158.612374,482.454285,38.575747,482.63739,103.175356,129173.7969,0.0,0.0,0.0,0.0,-81.422426,482.32843,0.0,0.0,0.0,0.0,59.999001,0.0,7.624457099,-3.061084,0,103.161051,128751.2415,-16.793393,128701.0949,-136.799403,128751.2415,-81.497517,479.38198,158.56034,478.64954,38.537141,478.83265,103.183969,128751.2415,0.0,0.0,0.0,0.0,-81.468869,479.01576,0.0,0.0,0.0,0.0,60.0,0.0,7.621976956,-3.059377,0,110.408967,131057.9823,-9.574125,130406.0773,-129.557217,131108.1288,105.928437,473.33935,-14.014548,473.70557,-134.089313,473.15624,110.420426,130857.3961,0.0,0.0,0.0,0.0,105.934167,473.33935,0.0,0.0,0.0,0.0,60.0,0.0,7.864741624,0.079656,0,0,0,0,0,0,0,0,0,0,0,0,0,0
114.505615,132888.331,-5.460288,132838.1845,-125.460568,132963.5508,114.912415,289.13069,-5.317048,288.39825,-125.397543,289.13069,114.517075,132888.331,0.0,0.0,0.0,0.0,114.734799,288.94758,0.0,0.0,0.0,0.0,60.025,0.78,13.00601166,-0.012396,0,110.201113,132181.2188,-9.736634,132020.9844,-129.778758,132263.0,-77.505804,292.985901,162.479559,293.495178,42.503359,293.460846,110.223086,132155.125,0.0,0.0,0.0,0.0,-77.511295,293.31781,0.0,0.0,0.0,0.0,60.025002,0.8,12.84366307,-3.00763,0,110.208432,131709.8873,-9.757471,131684.814,-129.740563,131734.9606,-77.64724,290.77868,162.473642,290.77868,42.398877,290.41246,110.23135,131709.8873,0.0,0.0,0.0,0.0,-77.595674,290.59557,0.0,0.0,0.0,0.0,60.025,0.83,12.86132609,-3.001739,0,114.568641,132938.4775,-5.408722,132286.5725,-125.409002,132988.6241,114.797824,286.01782,-5.042029,286.56715,-125.16836,286.20093,114.5801,132737.8914,0.0,0.0,0.0,0.0,114.866579,286.20093,0.0,0.0,0.0,0.0,60.027,0.29,13.2114146,-0.001355,0,0,0,0,0,0,0,0,0,0,0,0,0,1
119.072089,132687.7448,-0.893814,132662.6716,-120.905554,132762.9647,119.415864,289.68002,-0.790682,288.94758,-120.876906,289.86313,119.089278,132712.8181,0.0,0.0,0.0,0.0,119.249706,289.49691,0.0,0.0,0.0,0.0,60.01,-0.01,12.96362426,-0.011535,0,114.760442,131978.625,-5.177307,131833.6719,-125.224921,132065.1563,-73.045349,293.855652,167.071837,293.987274,46.969302,294.07312,114.782408,131960.4531,0.0,0.0,0.0,0.0,-73.006902,293.970093,0.0,0.0,0.0,0.0,60.009998,-0.01,12.75553187,-3.004291,0,114.757717,131509.3012,-5.196727,131484.2279,-125.191278,131534.3744,-73.086496,291.69423,167.068764,291.69423,46.959621,291.32801,114.786365,131509.3012,0.0,0.0,0.0,0.0,-73.023471,291.51112,0.0,0.0,0.0,0.0,60.01,-0.01,12.79669978,-3.00153,0,119.135114,132737.8914,-0.842248,132085.9864,-120.842529,132788.0379,119.364298,286.93337,-0.527121,287.29959,-120.647723,287.29959,119.146574,132537.3052,0.0,0.0,0.0,0.0,119.398675,287.11648,0.0,0.0,0.0,0.0,60.009,-0.01,13.1429082,-0.003101,0,0,0,0,0,0,0,0,0,0,0,0,0,0
120.911284,132311.6458,0.933921,132286.5725,-119.066359,132386.8656,121.209222,290.41246,0.933921,289.49691,-119.129385,291.1449,120.928472,132336.7191,0.0,0.0,0.0,0.0,121.002957,290.41246,0.0,0.0,0.0,0.0,60.0,0.0,12.89290154,-0.013794,0,116.567697,131583.3281,-3.364563,131444.0625,-123.417666,131671.2344,-71.188664,294.713989,168.884583,294.742584,48.842471,294.868469,116.595154,131567.0781,0.0,0.0,0.0,0.0,-71.155702,294.771179,0.0,0.0,0.0,0.0,60.0,0.0,12.68600458,-3.005649,0,116.579723,131108.1288,-3.386181,131083.0556,-123.386461,131158.2754,-71.27595,292.60978,168.850662,292.42667,48.775897,292.24356,116.602641,131108.1288,0.0,0.0,0.0,0.0,-71.218654,292.42667,0.0,0.0,0.0,0.0,60.0,0.0,12.71735715,-3.002044,0,120.980038,132361.7923,0.991217,131734.9606,-118.997605,132411.9389,121.054523,287.84892,1.151645,288.39825,-118.905931,287.84892,120.991498,132161.2062,0.0,0.0,0.0,0.0,121.10036,288.03203,0.0,0.0,0.0,0.0,60.0,0.0,13.07882223,0.001177,0,0,0,0,0,0,0,0,0,0,0,0,0,0
120.836799,132261.4993,0.853707,132236.426,-119.140844,132336.7191,121.111819,290.41246,0.853707,289.86313,-119.238247,291.32801,120.848258,132261.4993,0.0,0.0,0.0,0.0,120.905554,290.41246,0.0,0.0,0.0,0.0,60.0,0.0,12.89607849,-0.01303,0,116.490789,131525.2031,-3.446961,131372.3594,-123.494574,131607.6719,-71.304019,294.725403,168.758238,295.103088,48.738099,295.017242,116.512755,131500.4688,0.0,0.0,0.0,0.0,-71.271057,294.948578,0.0,0.0,0.0,0.0,60.0,0.0,12.69510364,-3.004767,0,116.488049,131057.9823,-3.460665,131057.9823,-123.455216,131083.0556,-71.327516,292.79289,168.770448,292.60978,48.689953,292.24356,116.522427,131057.9823,0.0,0.0,0.0,0.0,-71.293138,292.60978,0.0,0.0,0.0,0.0,60.0,0.0,12.70008073,-3.002636,0,120.899824,132311.6458,0.911003,131659.7408,-119.083548,132361.7923,120.974309,288.03203,1.065701,288.21514,-119.031982,288.03203,120.905554,132111.0596,0.0,0.0,0.0,0.0,121.002957,288.03203,0.0,0.0,0.0,0.0,60.0,0.0,13.04544956,0.000172,0,0,0,0,0,0,0,0,0,0,0,0,0,0
120.750855,132211.3527,0.779223,132186.2794,-119.221058,132311.6458,120.997227,290.59557,0.762034,289.86313,-119.266895,291.32801,120.768044,132236.426,0.0,0.0,0.0,0.0,120.831069,290.59557,0.0,0.0,0.0,0.0,60.0,0.0,12.89044992,-0.011798,0,116.402898,131491.1719,-3.529358,131343.125,-123.576973,131579.5156,-71.375429,294.765472,168.714306,295.269013,48.666689,294.897095,116.430369,131471.2813,0.0,0.0,0.0,0.0,-71.331484,294.98291,0.0,0.0,0.0,0.0,60.0,0.0,12.68877355,-3.003967,0,116.407835,131032.909,-3.540879,131007.8358,-123.54116,131032.909,-71.356164,292.976,168.74753,292.60978,48.581091,292.60978,116.442213,131032.909,0.0,0.0,0.0,0.0,-71.344705,292.60978,0.0,0.0,0.0,0.0,60.0,0.0,12.66896361,-3.00468,0,120.81961,132286.5725,0.842248,131634.6675,-119.152303,132336.7191,120.911284,288.21514,0.974028,288.21514,-119.106467,288.03203,120.836799,132085.9864,0.0,0.0,0.0,0.0,120.928472,288.21514,0.0,0.0,0.0,0.0,60.0,0.0,13.02908616,-0.000327,0,0,0,0,0,0,0,0,0,0,0,0,0,0
120.705019,132211.3527,0.727656,132161.2062,-119.278354,132286.5725,120.945661,290.59557,0.687549,290.04624,-119.32992,291.51112,120.716478,132211.3527,0.0,0.0,0.0,0.0,120.768044,290.77868,0.0,0.0,0.0,0.0,59.999,0.0,12.89829918,-0.012201,0,116.353461,131480.0,-3.578797,131329.3125,-123.631902,131559.2813,-71.413883,294.73114,168.659364,295.148865,48.63373,295.057312,116.375427,131455.9063,0.0,0.0,0.0,0.0,-71.375429,294.977173,0.0,0.0,0.0,0.0,60.0,0.0,12.69156453,-3.005118,0,116.356269,131007.8358,-3.592445,131007.8358,-123.586996,131007.8358,-71.419189,292.79289,168.673045,292.42667,48.518066,292.42667,116.384917,131007.8358,0.0,0.0,0.0,0.0,-71.41346,292.60978,0.0,0.0,0.0,0.0,60.0,0.0,12.67600836,-3.004617,0,120.762315,132261.4993,0.784952,131634.6675,-119.209599,132311.6458,120.853988,288.21514,0.95111,288.39825,-119.146574,288.03203,120.779503,132060.9131,0.0,0.0,0.0,0.0,120.882636,288.21514,0.0,0.0,0.0,0.0,60.0,0.0,13.03103694,0.000535,0,0,0,0,0,0,0,0,0,0,0,0,0,0
118.189734,132060.9131,-1.781899,132010.7666,-121.787909,132136.1329,116.585452,357.98005,-3.649741,357.79694,-123.627104,358.8956,118.206923,132060.9131,0.0,0.0,0.0,0.0,116.430754,358.16316,0.0,0.0,0.0,0.0,59.991,0.01,10.47537896,0.021844,0,112.826843,130981.3281,-7.116394,130833.1875,-127.158506,131066.5859,-73.424376,362.869263,166.615908,362.783447,46.634216,363.321289,112.843324,130960.0234,0.0,0.0,0.0,0.0,-73.396912,362.989441,0.0,0.0,0.0,0.0,59.991001,0.01,10.26325102,-3.033085,0,112.832579,130506.3704,-7.133325,130506.3704,-127.110687,130531.4436,-73.464648,361.09292,166.690611,359.99426,46.472607,359.81115,112.861227,130506.3704,0.0,0.0,0.0,0.0,-73.436001,360.36048,0.0,0.0,0.0,0.0,59.993,0.01,10.21516709,-3.028692,0,118.258489,132085.9864,-1.718873,131459.1546,-121.719154,132161.2062,116.510968,355.59962,-3.420558,355.78273,-123.506782,355.59962,118.269948,131910.4735,0.0,0.0,0.0,0.0,116.522427,355.59962,0.0,0.0,0.0,0.0,59.991,0.01,10.54847009,0.031584,0,0,0,0,0,0,0,0,0,0,0,0,0,0
117.29019,131910.4735,-2.681442,131885.4002,-122.681723,131985.6933,115.599965,358.16316,-4.555014,358.16316,-124.509459,359.07871,117.307379,131935.5467,0.0,0.0,0.0,0.0,115.508292,358.52938,0.0,0.0,0.0,0.0,59.993,0.0,10.47004861,0.024954,0,111.920477,130847.8828,-8.01178,130697.8359,-128.070377,130924.4688,-74.330749,363.040924,165.671088,363.595947,45.711365,363.132477,111.94245,130823.7344,0.0,0.0,0.0,0.0,-74.319766,363.252625,0.0,0.0,0.0,0.0,59.993,0.0,10.26012291,-3.031616,0,111.927305,130381.004,-8.027139,130355.9307,-128.02169,130406.0773,-74.381381,361.09292,165.773879,360.54359,45.601711,360.36048,111.955953,130381.004,0.0,0.0,0.0,0.0,-74.335544,360.54359,0.0,0.0,0.0,0.0,59.993,0.0,10.22626277,-3.028778,0,117.358945,131960.62,-2.624147,131333.7883,-122.618698,132035.8398,115.53121,355.41651,-4.337291,355.96584,-124.360489,355.78273,117.370404,131785.1071,0.0,0.0,0.0,0.0,115.605694,355.59962,0.0,0.0,0.0,0.0,59.993,0.0,10.56732174,0.033861,0,0,0,0,0,0,0,0,0,0,0,0,0,0
116.75734,131709.8873,-3.208564,131684.814,-123.214574,131785.1071,115.112951,358.71249,-5.150891,358.52938,-125.128253,359.62804,116.774528,131734.9606,0.0,0.0,0.0,0.0,114.946793,358.8956,0.0,0.0,0.0,0.0,59.995,0.01,10.42461929,0.022112,0,111.360169,130618.9922,-8.56659,130471.0938,-128.614197,130708.5547,-74.858095,363.361359,165.198671,363.773346,45.173037,364.179627,111.38764,130599.8438,0.0,0.0,0.0,0.0,-74.83063,363.767639,0.0,0.0,0.0,0.0,59.994999,0.01,10.22635163,-3.033621,0,111.371536,130155.3446,-8.588637,130130.2713,-128.577459,130180.4178,-74.908502,361.45914,165.166544,360.90981,45.045942,361.09292,111.400184,130155.3446,0.0,0.0,0.0,0.0,-74.902773,361.09292,0.0,0.0,0.0,0.0,59.995,0.01,10.20433915,-3.031247,0,116.820365,131760.0339,-3.151268,131108.1288,-123.151549,131810.1804,115.032737,356.14895,-4.938896,356.51517,-125.042309,356.33206,116.837554,131559.4477,0.0,0.0,0.0,0.0,115.015548,356.33206,0.0,0.0,0.0,0.0,59.995,0.01,10.50594807,0.031465,0,0,0,0,0,0,0,0,0,0,0,0,0,0
115.66872,131609.5942,-4.308643,131584.521,-124.308923,131684.814,113.926928,358.71249,-6.325454,359.26182,-126.176766,360.17737,115.680179,131634.6675,0.0,0.0,0.0,0.0,113.812336,359.44493,0.0,0.0,0.0,0.0,59.999,0.0,10.45598275,0.02423,0,110.26154,130522.1719,-9.676209,130379.1797,-129.712833,130606.7969,-75.978703,363.744751,163.99567,364.076599,44.10736,364.099487,110.283513,130502.2891,0.0,0.0,0.0,0.0,-75.962222,363.973633,0.0,0.0,0.0,0.0,59.999001,0.0,10.2219424,-3.033032,0,110.265728,130055.0515,-9.682987,130029.9782,-129.683267,130055.0515,-76.002852,361.82536,164.037817,361.27603,43.934404,361.09292,110.294376,130055.0515,0.0,0.0,0.0,0.0,-76.014311,361.45914,0.0,0.0,0.0,0.0,60.0,0.0,10.1852427,-3.031001,0,115.726016,131659.7408,-4.257076,131032.909,-124.251628,131734.9606,113.829525,356.88139,-6.016057,356.69828,-126.079363,356.33206,115.737475,131459.1546,0.0,0.0,0.0,0.0,113.909739,356.69828,0.0,0.0,0.0,0.0,60.0,0.0,10.47451244,0.036334,0,0,0,0,0,0,0,0,0,0,0,0,0,0
115.416618,131785.1071,-4.555014,131760.0339,-124.566754,131885.4002,113.697745,358.34627,-6.531719,358.71249,-126.38303,359.62804,115.422348,131810.1804,0.0,0.0,0.0,0.0,113.588883,358.8956,0.0,0.0,0.0,0.0,60.0,0.0,10.47720862,0.024333,0,110.025332,130706.3984,-9.906921,130553.8594,-129.954526,130792.8359,-76.192932,363.241211,163.748485,363.870606,43.887637,363.676086,110.052796,130684.6094,0.0,0.0,0.0,0.0,-76.187441,363.601685,0.0,0.0,0.0,0.0,60.0,0.0,10.25956854,-3.03353,0,110.025085,130255.6377,-9.929359,130230.5644,-129.91818,130255.6377,-76.283601,361.27603,163.837282,361.09292,43.722409,360.54359,110.059463,130255.6377,0.0,0.0,0.0,0.0,-76.243494,360.90981,0.0,0.0,0.0,0.0,60.0,0.0,10.22582839,-3.028489,0,115.473914,131835.2537,-4.503448,131208.4219,-124.503729,131910.4735,113.669097,356.14895,-6.23951,356.33206,-126.308546,356.14895,115.491103,131634.6675,0.0,0.0,0.0,0.0,113.703474,356.14895,0.0,0.0,0.0,0.0,60.0,0.0,10.5162728,0.032991,0,0,0,0,0,0,0,0,0,0,0,0,0,0
115.3937,131785.1071,-4.577933,131760.0339,-124.583943,131885.4002,113.669097,357.98005,-6.566096,358.52938,-126.423138,359.81115,115.410889,131810.1804,0.0,0.0,0.0,0.0,113.554505,358.71249,0.0,0.0,0.0,0.0,60.0,0.0,10.49331329,0.023239,0,110.00885,130713.1563,-9.928894,130564.6328,-129.976506,130791.6641,-76.209413,363.384247,163.726506,363.876343,43.838196,363.72757,110.030823,130689.8516,0.0,0.0,0.0,0.0,-76.214905,363.670349,0.0,0.0,0.0,0.0,59.999001,0.0,10.24812229,-3.033709,0,110.007897,130255.6377,-9.952277,130205.4911,-129.935369,130280.7109,-76.28933,361.09292,163.802904,361.09292,43.728139,360.7267,110.042274,130255.6377,0.0,0.0,0.0,0.0,-76.254953,360.90981,0.0,0.0,0.0,0.0,60.0,0.0,10.24154145,-3.029599,0,115.450996,131835.2537,-4.520637,131208.4219,-124.526647,131910.4735,113.63472,356.33206,-6.256699,356.33206,-126.337194,356.14895,115.468185,131659.7408,0.0,0.0,0.0,0.0,113.680556,356.14895,0.0,0.0,0.0,0.0,60.0,0.0,10.50513742,0.033565,0,0,0,0,0,0,0,0,0,0,0,0,0,0
115.158787,131810.1804,-4.807116,131785.1071,-124.813126,131885.4002,113.365429,358.34627,-6.766632,358.8956,-126.589295,359.62804,115.170246,131835.2537,0.0,0.0,0.0,0.0,113.336782,358.8956,0.0,0.0,0.0,0.0,60.0,0.0,10.49310544,0.027537,0,109.77814,130738.8203,-10.159608,130595.9219,-130.212707,130823.8828,-76.467595,363.361359,163.51227,363.945007,43.601991,363.647461,109.800113,130716.4922,0.0,0.0,0.0,0.0,-76.451113,363.653198,0.0,0.0,0.0,0.0,60.0,0.0,10.25099849,-3.032326,0,109.778714,130280.7109,-10.17573,130255.6377,-130.170281,130280.7109,-76.529973,361.09292,163.59091,360.7267,43.44166,360.54359,109.813091,130280.7109,0.0,0.0,0.0,0.0,-76.501325,360.90981,0.0,0.0,0.0,0.0,60.0,0.0,10.2248566,-3.029372,0,115.221813,131860.3269,-4.75555,131233.4952,-124.750101,131935.5467,113.394077,355.96584,-6.51453,355.96584,-126.532,355.96584,115.233272,131684.814,0.0,0.0,0.0,0.0,113.439914,355.96584,0.0,0.0,0.0,0.0,60.0,0.0,10.52853048,0.033244,0,0,0,0,0,0,0,0,0,0,0,0,0,0
178.934719,132537.3052,58.968816,132487.1587,-61.048653,132587.4518,176.797587,568.00722,52.425638,597.48793,-62.58991,560.86593,178.951908,132537.3052,0.0,0.0,0.0,0.0,175.485514,574.9654,-127.677915,20.32521,7.522936,18.67722,59.96,0.02,7.287943764,0.024081,0,170.027164,129938.6797,50.078431,129782.6094,-69.974673,130017.625,-9.039001,573.040039,-133.475652,604.042053,111.574405,568.914429,170.043638,129910.0313,0.0,0.0,0.0,0.0,-10.373841,581.537231,46.919862,19.786835,179.299624,19.632339,59.955002,0.02,7.107934221,3.107063,0,170.019496,129453.293,50.059323,129453.293,-69.929499,129478.3663,-9.224621,571.66942,-133.4476,600.05147,111.354348,566.17612,170.048144,129453.293,0.0,0.0,0.0,0.0,-10.496587,578.99382,46.082995,19.04344,179.988962,18.12789,59.955,0.03,7.048259373,3.112984,0,179.003474,132562.3785,58.997464,131960.62,-60.991357,132637.5983,176.768939,565.44368,52.448557,594.55817,-62.71596,560.3166,179.009204,132386.8656,0.0,0.0,0.0,0.0,175.445406,573.1343,-126.812749,19.22655,5.414451,18.311,59.96,0.02,7.308596582,0.022479,0,0,0,0,0,0,0,0,0,0,0,0,0,0
173.835395,127898.7503,53.858033,127848.6037,-66.153707,127948.8968,169.859068,598.22037,46.730438,620.01046,-69.671668,592.54396,173.852584,127898.7503,0.0,0.0,0.0,0.0,168.942336,603.34745,-134.920102,15.19813,1.598552,13.91636,59.991,0.04,6.493875972,0.061339,0,164.176943,124905.125,44.233705,124773.4922,-75.808413,124998.0703,-15.575867,603.939087,-138.655709,627.033203,104.993593,600.007996,164.204414,124891.7578,0.0,0.0,0.0,0.0,-16.438293,610.084534,39.767762,14.774323,175.910347,14.7686,59.990002,0.04,6.301676813,3.12847,0,164.175327,124488.7856,44.215153,124463.7123,-75.767939,124463.7123,-15.733421,601.69946,-138.701623,622.94022,104.765333,596.57238,164.209704,124463.7123,0.0,0.0,0.0,0.0,-16.581399,606.82654,39.396578,14.46569,176.316302,13.73325,59.99,0.01,6.271917498,3.132672,0,173.875502,127923.8235,53.89241,127296.9918,-66.10787,127999.0434,169.859068,594.74128,46.707519,616.89759,-69.751882,590.34664,173.886961,127748.3107,0.0,0.0,0.0,0.0,168.913688,600.41769,-133.797104,14.83191,-0.022918,13.91636,59.991,0.01,6.532938208,0.059911,0,0,0,0,0,0,0,0,0,0,0,0,0,1
-170.930499,133565.3093,69.092981,133515.1628,-50.91303,133615.4558,-164.26127,252.32558,71.333245,265.87572,-43.665114,248.11405,-170.91904,133565.3093,0.0,0.0,0.0,0.0,-165.601992,255.25534,-107.802009,9.52172,29.283873,8.23995,60.007,-0.01,16.54496149,-0.124986,0,-174.921568,132960.9375,65.151672,132805.8906,-54.906924,133033.0313,2.304382,256.410583,-122.000429,270.349487,123.027649,253.572464,-174.894111,132933.8594,0.0,0.0,0.0,0.0,1.040955,259.906769,58.180849,9.03511,-165.912781,8.691788,60.007,-0.01,16.25244265,-3.105004,0,-174.918285,132487.1587,65.133842,132437.0121,-54.866438,132487.1587,2.17151,254.70601,-121.994174,267.88993,122.767667,251.59314,-174.883908,132462.0854,0.0,0.0,0.0,0.0,0.922462,258.00199,58.77974,8.78928,-165.61918,8.05684,60.007,-0.01,16.20382727,-3.101428,0,-170.861744,133615.4558,69.144547,132938.4775,-50.855734,133665.6024,-164.175327,249.57893,71.293138,263.86151,-43.584899,247.74783,-170.861744,133414.8697,0.0,0.0,0.0,0.0,-165.556155,253.60735,-106.931113,8.97239,25.049715,8.78928,60.007,-0.01,16.83571721,-0.134433,0,0,0,0,0,0,0,0,0,0,0,0,0,1
-170.277327,133540.236,69.746152,133490.0895,-50.265587,133590.3826,-164.118031,253.79046,71.894744,266.60816,-43.533333,250.12826,-170.271598,133540.236,0.0,0.0,0.0,0.0,-165.309783,256.72022,-106.959761,8.60617,29.965693,7.69062,60.005,0.0,16.33164005,-0.114101,0,-174.267892,132939.5938,65.79987,132791.7969,-54.258729,133022.1094,2.502136,257.709503,-121.412664,270.544067,123.22541,255.380631,-174.245912,132916.4219,0.0,0.0,0.0,0.0,1.381531,261.039734,58.081968,8.176804,-165.682071,8.079529,60.002998,0.0,16.04464133,-3.096026,0,-174.265113,132462.0854,65.775555,132437.0121,-54.218996,132487.1587,2.406423,255.98778,-121.398298,267.70682,123.054146,253.05802,-174.236466,132462.0854,0.0,0.0,0.0,0.0,1.300614,258.73443,57.587988,8.05684,-165.441563,7.50751,60.003,0.0,15.99431749,-3.09303,0,-170.214302,133590.3826,69.797719,132938.4775,-50.202562,133640.5291,-163.946144,251.22692,72.020795,263.6784,-43.498956,249.76204,-170.208572,133389.7964,0.0,0.0,0.0,0.0,-165.195192,254.70601,-106.232105,7.87373,24.241844,7.69062,60.005,0.0,16.49004424,-0.126238,0,0,0,0,0,0,0,0,0,0,0,0,0,1
-169.687181,133013.6974,70.353488,132963.5508,-49.663982,133063.8439,-164.507642,258.00199,72.175493,267.70682,-44.152128,255.25534,-169.669992,133013.6974,0.0,0.0,0.0,0.0,-165.527507,260.19931,-108.082759,6.95818,26.310222,6.04263,60.001,0.0,15.67285829,-0.099665,0,-173.702093,132385.7188,66.360171,132235.3281,-53.692933,132472.6406,2.183533,261.880859,-121.20392,272.535339,122.906809,259.849548,-173.680113,132362.8594,0.0,0.0,0.0,0.0,1.255188,264.621735,55.401307,7.083893,-166.533508,7.083893,60.0,0.0,15.5217516,-3.079729,0,-173.703615,131910.4735,66.342783,131885.4002,-53.646038,131935.5467,2.148592,260.0162,-121.237869,270.27036,122.658805,257.26955,-173.674967,131910.4735,0.0,0.0,0.0,0.0,1.157375,262.39663,57.118163,7.14129,-166.146301,6.59196,59.999,0.0,15.49677934,-3.077898,0,-169.612696,133038.7706,70.399324,132411.9389,-49.600956,133113.9904,-164.324296,254.88912,72.22133,265.5095,-43.922945,253.79046,-169.606967,132838.1845,0.0,0.0,0.0,0.0,-165.378538,257.81888,-107.211863,6.77507,23.262086,6.77507,60.0,0.0,15.97401857,-0.107091,0,0,0,0,0,0,0,0,0,0,0,0,0,1
-169.652803,132537.3052,70.376406,132487.1587,-49.635334,132612.525,-165.361349,261.29797,71.740046,269.35481,-45.2121,259.28376,-169.635614,132537.3052,0.0,0.0,0.0,0.0,-166.301,263.31218,-108.415074,5.85952,21.58905,5.12708,60.0,0.0,15.22519934,-0.085928,0,-173.702093,131914.1719,66.365663,131766.7813,-53.687442,131993.6094,1.425476,265.457153,-121.291811,273.159027,121.753245,264.249817,-173.674622,131888.6719,0.0,0.0,0.0,0.0,0.606995,267.539978,55.758362,5.395889,-172.24091,5.241394,60.0,0.0,14.91920225,-3.068617,0,-173.692156,131434.0813,66.342783,131409.0081,-53.651768,131484.2279,1.294885,263.49529,-121.295165,271.55213,121.621751,261.8473,-173.669237,131434.0813,0.0,0.0,0.0,0.0,0.515662,265.5095,58.338563,5.4933,-167.962578,5.12708,60.0,0.0,14.96757026,-3.061833,0,-169.589778,132587.4518,70.427972,131935.5467,-49.572308,132662.6716,-165.338431,258.73443,71.734316,267.52371,-45.005835,257.81888,-169.584048,132386.8656,0.0,0.0,0.0,0.0,-166.232245,261.29797,-108.890629,5.67641,21.31976,5.67641,60.0,0.0,15.48351029,-0.087138,0,0,0,0,0,0,0,0,0,0,0,0,0,1
-169.681451,132487.1587,70.359217,132437.0121,-49.658252,132537.3052,-165.584803,262.21352,71.648372,269.90414,-45.452742,260.38242,-169.664262,132487.1587,0.0,0.0,0.0,0.0,-166.490076,264.04462,-107.968167,5.4933,20.90723,4.94397,60.0,0.0,15.12493763,-0.082368,0,-173.729564,131856.4375,66.338199,131697.2344,-53.714906,131932.6406,1.183777,266.223908,-121.390685,273.862854,121.571958,265.377045,-173.702093,131827.9844,0.0,0.0,0.0,0.0,0.431213,268.415466,55.285952,5.098343,-171.999217,5.195618,60.0,0.0,14.86183928,-3.064214,0,-173.726533,131383.9348,66.319865,131333.7883,-53.680416,131409.0081,1.151645,264.04462,-121.415486,271.55213,121.341002,262.94596,-173.697885,131358.8615,0.0,0.0,0.0,0.0,0.338045,266.24194,58.573475,5.12708,-172.511863,4.76086,60.0,0.0,14.87460182,-3.063379,0,-169.606967,132512.232,70.405054,131885.4002,-49.595227,132587.4518,-165.676476,259.64998,71.745775,267.70682,-45.286584,258.55132,-169.606967,132336.7191,0.0,0.0,0.0,0.0,-166.43278,261.8473,-109.595367,5.12708,23.600132,5.12708,59.999,0.0,15.33917813,-0.077613,0,0,0,0,0,0,0,0,0,0,0,0,0,1
-169.784583,132361.7923,70.238896,132311.6458,-49.755655,132411.9389,-166.312459,264.59395,71.310327,270.45347,-46.300719,262.76285,-169.767395,132361.7923,0.0,0.0,0.0,0.0,-167.1146,265.87572,-109.383373,4.76086,17.521049,3.84531,60.0,0.0,14.80164101,-0.070951,0,-173.83942,131718.7344,66.228335,131575.6406,-53.830261,131806.1563,0.431213,268.306732,-121.676337,274.784088,120.704046,267.637268,-173.817454,131698.7969,0.0,0.0,0.0,0.0,-0.189514,270.195007,56.527407,4.205704,-172.416692,4.257202,60.0,0.0,14.57989874,-3.050457,0,-173.841125,131233.4952,66.199544,131233.4952,-53.783548,131283.6417,0.303668,267.15749,-121.684777,272.65079,120.55605,264.96017,-173.812477,131258.5685,0.0,0.0,0.0,0.0,-0.286479,268.07304,54.557041,4.39464,-167.509941,3.6622,59.999,0.0,14.51000046,-3.04351,0,-169.715829,132411.9389,70.290462,131760.0339,-49.704089,132462.0854,-166.243704,261.48108,71.419189,268.25615,-46.082995,260.74864,-169.710099,132211.3527,0.0,0.0,0.0,0.0,-166.98282,263.49529,-108.884899,4.57775,18.621128,4.39464,60.0,0.0,15.06805209,-0.071562,0,0,0,0,0,0,0,0,0,0,0,0,0,1
-169.796043,132361.7923,70.215978,132311.6458,-49.790032,132411.9389,-166.467158,264.77706,71.321786,269.72103,-46.506984,262.94596,-169.790313,132361.7923,0.0,0.0,0.0,0.0,-167.229192,265.87572,-110.380319,4.39464,15.6131,3.47909,60.0,0.0,14.71434915,-0.06849,0,-173.866891,131706.5469,66.200871,131557.375,-53.857729,131792.875,0.4422,268.215179,-121.83563,275.001526,120.616155,267.894745,-173.83942,131684.7969,0.0,0.0,0.0,0.0,-0.271912,270.315186,57.906194,4.365921,-175.767528,4.440308,60.0,0.0,14.60297515,-3.054279,0,-173.864043,131233.4952,66.176625,131183.3486,-53.817926,131283.6417,0.183346,266.97438,-121.753532,272.65079,120.55032,265.32639,-173.841125,131233.4952,0.0,0.0,0.0,0.0,-0.349504,268.25615,53.090269,4.21153,-168.151654,3.84531,59.999,0.0,14.55237893,-3.042246,0,-169.738747,132386.8656,70.279003,131760.0339,-49.727007,132437.0121,-166.398403,261.66419,71.459296,268.25615,-46.266342,261.11486,-169.738747,132186.2794,0.0,0.0,0.0,0.0,-167.080223,263.6784,-106.879547,4.21153,19.55505,4.02842,59.999,0.0,15.00962557,-0.067828,0,0,0,0,0,0,0,0,0,0,0,0,0,1
-175.416759,131960.62,64.61818,131910.4735,-55.38783,132035.8398,-177.106984,391.48918,62.17165,392.40473,-57.209836,390.75674,-175.39957,131960.62,0.0,0.0,0.0,0.0,-177.382004,391.48918,0.0,0.0,0.0,0.0,59.986,0.01,9.649357394,0.023481,0,178.689879,130692.5469,58.746641,130551.8516,-61.300968,130777.8047,-6.105652,395.496368,-126.73554,398.391724,113.969424,395.719544,178.71735,130674.6719,0.0,0.0,0.0,0.0,-6.286927,396.514893,0.0,0.0,0.0,0.0,59.986,0.02,9.515259254,-3.061403,0,178.688348,130230.5644,58.728174,130205.4911,-61.266377,130255.6377,-6.147837,392.77095,-126.715346,395.33449,113.90401,392.22162,178.722725,130230.5644,0.0,0.0,0.0,0.0,-6.319724,393.50339,0.0,0.0,0.0,0.0,59.986,0.01,9.528592448,-3.058679,0,-175.348004,132010.7666,64.675476,131383.9348,-55.324805,132085.9864,-177.101255,388.01009,62.360726,390.57363,-57.01503,387.64387,-175.336545,131810.1804,0.0,0.0,0.0,0.0,-177.255953,388.74253,0.0,0.0,0.0,0.0,59.986,0.02,9.781010582,0.029217,0,0,0,0,0,0,0,0,0,0,0,0,0,0
-178.739914,131308.715,61.295025,131258.5685,-58.716715,131358.8615,179.123796,394.41894,58.487532,395.33449,-61.134597,394.96827,-178.722725,131308.715,0.0,0.0,0.0,0.0,178.825857,394.96827,0.0,0.0,0.0,0.0,60.0,0.0,9.503620193,0.028845,0,175.295111,129995.1953,55.357362,129846.7109,-64.695743,130073.25,-9.983826,399.433136,-130.256653,401.40152,110.16266,399.393066,175.322582,129970.3672,0.0,0.0,0.0,0.0,-10.027771,400.068298,0.0,0.0,0.0,0.0,60.0,0.0,9.328912241,-3.049173,0,175.302167,129528.5128,55.330534,129503.4396,-64.664017,129578.6594,-10.089787,397.16559,-130.261955,398.26425,110.070922,396.25004,175.325085,129528.5128,0.0,0.0,0.0,0.0,-10.095516,397.16559,0.0,0.0,0.0,0.0,59.999,0.0,9.322416452,-3.045245,0,-178.682618,131358.8615,61.329402,130706.9565,-58.665149,131409.0081,179.089418,391.30607,58.676608,393.50339,-60.974169,391.12296,-178.671159,131158.2754,0.0,0.0,0.0,0.0,178.92899,392.03851,0.0,0.0,0.0,0.0,60.0,0.0,9.608859568,0.037518,0,0,0,0,0,0,0,0,0,0,0,0,0,0
-178.739914,131308.715,61.289295,131283.6417,-58.716715,131358.8615,179.123796,394.41894,58.498991,395.33449,-61.151785,394.96827,-178.728455,131308.715,0.0,0.0,0.0,0.0,178.825857,394.78516,0.0,0.0,0.0,0.0,59.999,0.0,9.499866397,0.028934,0,175.295111,129994.6563,55.357362,129846.2734,-64.695743,130079.9609,-10.000305,399.496094,-130.24567,401.498779,110.146185,399.295807,175.322582,129972.5156,0.0,0.0,0.0,0.0,-10.033264,400.085449,0.0,0.0,0.0,0.0,60.0,0.0,9.324473754,-3.04813,0,175.296437,129528.5128,55.330534,129503.4396,-64.664017,129578.6594,-10.04395,396.98248,-130.273414,398.08114,110.065192,396.25004,175.325085,129528.5128,0.0,0.0,0.0,0.0,-10.084057,397.16559,0.0,0.0,0.0,0.0,60.0,0.0,9.325684924,-3.047434,0,-178.682618,131358.8615,61.335132,130706.9565,-58.665149,131409.0081,179.089418,391.12296,58.676608,393.32028,-60.974169,391.48918,-178.671159,131158.2754,0.0,0.0,0.0,0.0,178.92899,392.03851,0.0,0.0,0.0,0.0,60.0,0.0,9.615872478,0.036237,0,0,0,0,0,0,0,0,0,0,0,0,0,0
-178.911801,131534.3744,61.111678,131509.3012,-58.894332,131609.5942,178.802939,394.41894,58.281267,394.60205,-61.369509,394.41894,-178.900342,131559.4477,0.0,0.0,0.0,0.0,178.573756,394.41894,0.0,0.0,0.0,0.0,60.0,0.0,9.506657489,0.033269,0,175.1468,130246.0234,55.209047,130096.9531,-64.849552,130335.5469,-10.209045,399.072632,-130.448922,400.194153,109.717714,399.953857,175.168766,130224.2344,0.0,0.0,0.0,0.0,-10.313416,399.730682,0.0,0.0,0.0,0.0,60.0,0.0,9.30957699,-3.051549,0,175.141739,129779.2455,55.187295,129779.2455,-64.801527,129804.3188,-10.284592,397.3487,-130.388005,397.3487,109.624015,396.43315,175.176116,129779.2455,0.0,0.0,0.0,0.0,-10.347618,396.98248,0.0,0.0,0.0,0.0,60.0,0.0,9.274330491,-3.046343,0,-178.854505,131584.521,61.151785,130932.6159,-58.837036,131659.7408,178.694077,391.67229,58.544828,392.40473,-61.243459,391.48918,-178.848776,131383.9348,0.0,0.0,0.0,0.0,178.665429,391.8554,0.0,0.0,0.0,0.0,60.0,0.0,9.583268054,0.042755,0,0,0,0,0,0,0,0,0,0,0,0,0,0
-179.118066,131584.521,60.905414,131559.4477,-59.106326,131659.7408,178.430517,394.41894,58.046354,394.78516,-61.661718,395.33449,-179.106607,131609.5942,0.0,0.0,0.0,0.0,178.270088,394.78516,0.0,0.0,0.0,0.0,60.0,0.0,9.515625213,0.036275,0,174.943548,130306.1094,55.005802,130149.1094,-65.047307,130383.2422,-10.538635,399.44458,-130.641179,400.314331,109.349676,399.988159,174.971019,130280.0625,0.0,0.0,0.0,0.0,-10.604553,399.913788,0.0,0.0,0.0,0.0,60.0,0.0,9.280313717,-3.047411,0,174.941204,129829.3921,54.98103,129804.3188,-65.013521,129879.5386,-10.622638,396.79937,-130.634377,397.3487,109.354725,396.79937,174.969852,129854.4653,0.0,0.0,0.0,0.0,-10.634097,396.98248,0.0,0.0,0.0,0.0,60.0,0.0,9.30460215,-3.04385,0,-179.0665,131634.6675,60.95125,131007.8358,-59.04903,131684.814,178.356032,392.22162,58.338563,392.40473,-61.541397,391.48918,-179.06077,131434.0813,0.0,0.0,0.0,0.0,178.39041,392.03851,0.0,0.0,0.0,0.0,60.0,0.0,9.554161943,0.047091,0,0,0,0,0,0,0,0,0,0,0,0,0,0
179.06077,131258.5685,59.083408,131208.4219,-60.922602,131333.7883,175.714697,430.3085,55.445126,430.49161,-64.366079,431.40716,179.072229,131258.5685,0.0,0.0,0.0,0.0,175.594376,430.67472,0.0,0.0,0.0,0.0,59.997,0.0,8.688679936,0.052811,0,172.565003,129744.8516,52.621765,129596.4688,-67.425845,129828.9844,-12.466736,435.556397,-132.486887,436.317444,107.503967,436.031342,172.592474,129721.0,0.0,0.0,0.0,0.0,-12.483216,435.962677,0.0,0.0,0.0,0.0,59.999001,0.01,8.474855147,-3.054026,0,172.569158,129277.7801,52.614714,129252.7069,-67.391296,129277.7801,-12.467562,432.32271,-132.439194,432.32271,107.435316,432.50582,172.603536,129277.7801,0.0,0.0,0.0,0.0,-12.49048,432.32271,0.0,0.0,0.0,0.0,60.0,0.01,8.482658029,-3.054041,0,179.112336,131308.715,59.123515,130656.81,-60.859577,131358.8615,175.743345,427.01252,55.685768,428.11118,-64.251487,426.82941,179.129525,131108.1288,0.0,0.0,0.0,0.0,175.731885,427.37874,0.0,0.0,0.0,0.0,59.999,0.01,8.75944605,0.060092,0,0,0,0,0,0,0,0,0,0,0,0,0,0
178.642511,131208.4219,58.670878,131183.3486,-61.340862,131283.6417,175.290708,429.75917,54.946653,430.85783,-64.807256,431.95649,178.6597,131233.4952,0.0,0.0,0.0,0.0,175.147468,430.85783,0.0,0.0,0.0,0.0,60.0,0.0,8.717985141,0.050909,0,172.142036,129706.2109,52.204287,129554.0625,-67.848818,129780.2578,-12.966614,435.905457,-132.920836,436.483398,107.091984,436.437622,172.169494,129677.2266,0.0,0.0,0.0,0.0,-12.928162,436.271668,0.0,0.0,0.0,0.0,60.0,0.0,8.469074515,-3.051976,0,172.14517,129252.7069,52.190726,129202.5603,-67.815285,129252.7069,-12.937387,433.05515,-132.972045,432.68893,107.034246,432.68893,172.179547,129227.6336,0.0,0.0,0.0,0.0,-12.954576,432.87204,0.0,0.0,0.0,0.0,60.0,0.0,8.474644024,-3.053149,0,178.694077,131258.5685,58.710985,130631.7367,-61.277836,131308.715,175.227683,427.74496,55.273239,427.92807,-64.75569,427.56185,178.711266,131057.9823,0.0,0.0,0.0,0.0,175.250601,427.74496,0.0,0.0,0.0,0.0,60.0,0.0,8.720047284,0.061755,0,0,0,0,0,0,0,0,0,0,0,0,0,0
178.625322,131208.4219,58.64796,131208.4219,-61.36378,131308.715,175.25633,429.94228,54.923734,430.49161,-64.818715,431.77338,178.636781,131233.4952,0.0,0.0,0.0,0.0,175.12455,430.85783,0.0,0.0,0.0,0.0,59.999,0.0,8.707243508,0.051423,0,172.125548,129718.5078,52.187805,129567.7266,-67.870791,129794.75,-12.999573,435.447693,-132.915345,436.637878,107.059022,436.420441,172.153019,129692.5,0.0,0.0,0.0,0.0,-12.950134,436.168671,0.0,0.0,0.0,0.0,60.0,0.0,8.485137459,-3.051275,0,172.127981,129252.7069,52.167807,129252.7069,-67.821014,129277.7801,-12.994683,433.05515,-132.926209,432.87204,107.011327,432.32271,172.156629,129252.7069,0.0,0.0,0.0,0.0,-12.966035,432.87204,0.0,0.0,0.0,0.0,59.999,0.0,8.471003981,-3.05007,0,178.676888,131258.5685,58.682337,130631.7367,-61.300755,131333.7883,175.233412,427.56185,55.233131,427.92807,-64.772879,427.37874,178.688348,131083.0556,0.0,0.0,0.0,0.0,175.227683,427.56185,0.0,0.0,0.0,0.0,60.0,0.0,8.727502516,0.060991,0,0,0,0,0,0,0,0,0,0,0,0,0,0
178.619593,131233.4952,58.64223,131208.4219,-61.36378,131308.715,175.26206,429.75917,54.935193,430.85783,-64.812986,431.77338,178.636781,131233.4952,0.0,0.0,0.0,0.0,175.13028,430.85783,0.0,0.0,0.0,0.0,60.0,0.0,8.72058651,0.051681,0,172.120057,129715.9609,52.182314,129573.5469,-67.870791,129801.4141,-12.9776,435.585022,-132.931833,436.603546,107.037049,436.620728,172.147528,129695.7813,0.0,0.0,0.0,0.0,-12.955627,436.26593,0.0,0.0,0.0,0.0,60.0,0.0,8.477809316,-3.052738,0,172.127981,129252.7069,52.156348,129252.7069,-67.826744,129302.8534,-13.000412,433.23826,-132.943397,432.87204,106.999868,432.50582,172.150899,129252.7069,0.0,0.0,0.0,0.0,-12.977494,432.87204,0.0,0.0,0.0,0.0,59.999,0.0,8.465239007,-3.050387,0,178.671159,131258.5685,58.688067,130631.7367,-61.306484,131333.7883,175.227683,427.37874,55.25032,427.92807,-64.772879,427.37874,178.688348,131083.0556,0.0,0.0,0.0,0.0,175.233412,427.56185,0.0,0.0,0.0,0.0,60.0,0.0,8.733168983,0.061162,0,0,0,0,0,0,0,0,0,0,0,0,0,0
178.608134,131233.4952,58.636501,131208.4219,-61.375239,131308.715,175.26779,429.75917,54.912275,430.67472,-64.824445,431.59027,178.625322,131258.5685,0.0,0.0,0.0,0.0,175.118821,430.67472,0.0,0.0,0.0,0.0,59.999,0.0,8.717570983,0.051104,0,172.114565,129722.5234,52.171328,129583.4922,-67.881774,129805.5781,-12.988587,435.7052,-132.937324,436.494812,107.031557,436.180115,172.136545,129703.8125,0.0,0.0,0.0,0.0,-12.961121,436.117188,0.0,0.0,0.0,0.0,60.0,0.0,8.471009888,-3.051714,0,172.122251,129252.7069,52.167807,129227.6336,-67.849662,129277.7801,-12.994683,432.87204,-132.977775,432.68893,106.948302,432.50582,172.14517,129252.7069,0.0,0.0,0.0,0.0,-13.006142,432.68893,0.0,0.0,0.0,0.0,60.0,0.0,8.472192184,-3.05176,0,178.665429,131283.6417,58.676608,130631.7367,-61.312214,131333.7883,175.210494,427.56185,55.233131,428.11118,-64.801527,427.19563,178.676888,131083.0556,0.0,0.0,0.0,0.0,175.210494,427.56185,0.0,0.0,0.0,0.0,60.0,0.0,8.728108385,0.0621,0,0,0,0,0,0,0,0,0,0,0,0,0,0
178.367491,131333.7883,58.390129,131308.715,-61.610152,131409.0081,174.981311,429.57606,54.70601,430.67472,-65.03071,431.59027,178.38468,131358.8615,0.0,0.0,0.0,0.0,174.883908,430.67472,0.0,0.0,0.0,0.0,59.999,0.0,8.734981637,0.053013,0,171.883855,129848.8672,51.9516,129692.8438,-68.106999,129925.0625,-13.290711,435.098633,-133.19,436.368958,106.784366,436.174377,171.911326,129821.5938,0.0,0.0,0.0,0.0,-13.230286,435.882568,0.0,0.0,0.0,0.0,60.0,0.0,8.502667718,-3.050259,0,171.887339,129378.0732,51.927165,129327.9267,-68.078845,129403.1465,-13.241055,432.68893,-133.166851,432.32271,106.719119,432.1396,171.915986,129378.0732,0.0,0.0,0.0,0.0,-13.229595,432.32271,0.0,0.0,0.0,0.0,60.0,0.0,8.477946036,-3.050693,0,178.424787,131383.9348,58.435966,130757.1031,-61.552856,131459.1546,174.998499,427.56185,55.026867,427.74496,-65.059358,427.19563,178.436246,131208.4219,0.0,0.0,0.0,0.0,174.99277,427.56185,0.0,0.0,0.0,0.0,60.0,0.0,8.722762063,0.060993,0,0,0,0,0,0,0,0,0,0,0,0,0,0
178.195604,131358.8615,58.218242,131333.7883,-61.776309,131434.0813,174.775046,429.39295,54.545582,430.85783,-65.16249,431.40716,178.212793,131358.8615,0.0,0.0,0.0,0.0,174.71775,430.67472,0.0,0.0,0.0,0.0,60.0,0.0,8.751752168,0.054935,0,171.719056,129853.6641,51.775819,129709.1016,-68.271791,129941.5234,-13.389588,435.327515,-133.371287,436.145783,106.592103,436.283112,171.741036,129832.7578,0.0,0.0,0.0,0.0,-13.389588,435.905457,0.0,0.0,0.0,0.0,60.0,0.0,8.486913092,-3.053103,0,171.721181,129378.0732,51.755278,129352.9999,-68.245003,129428.2197,-13.447319,432.87204,-133.378845,432.32271,106.57588,432.1396,171.744099,129403.1465,0.0,0.0,0.0,0.0,-13.412942,432.50582,0.0,0.0,0.0,0.0,60.0,0.0,8.480161101,-3.049734,0,178.258629,131409.0081,58.258349,130782.1763,-61.724743,131459.1546,174.786505,427.56185,54.84925,427.56185,-65.208327,427.19563,178.264359,131208.4219,0.0,0.0,0.0,0.0,174.809423,427.56185,0.0,0.0,0.0,0.0,60.0,0.0,8.727307118,0.062149,0,0,0,0,0,0,0,0,0,0,0,0,0,0
178.178415,131358.8615,58.206782,131333.7883,-61.799228,131434.0813,174.752128,429.39295,54.505475,430.85783,-65.208327,431.40716,178.201333,131358.8615,0.0,0.0,0.0,0.0,174.683373,430.67472,0.0,0.0,0.0,0.0,60.0,0.0,8.750154694,0.05475,0,171.697091,129860.9609,51.759341,129709.2969,-68.288272,129935.5469,-13.44452,435.024262,-133.371287,436.122894,106.58112,436.174377,171.724548,129831.9688,0.0,0.0,0.0,0.0,-13.411561,435.768127,0.0,0.0,0.0,0.0,60.0,0.0,8.49871682,-3.051729,0,171.703992,129378.0732,51.732359,129378.0732,-68.256462,129453.293,-13.475967,432.87204,-133.396034,432.32271,106.57588,432.1396,171.73264,129403.1465,0.0,0.0,0.0,0.0,-13.43586,432.50582,0.0,0.0,0.0,0.0,59.999,0.0,8.482946523,-3.049303,0,178.235711,131409.0081,58.246889,130782.1763,-61.741932,131459.1546,174.786505,427.56185,54.84352,427.74496,-65.242704,427.19563,178.2529,131208.4219,0.0,0.0,0.0,0.0,174.797964,427.56185,0.0,0.0,0.0,0.0,60.0,0.0,8.725685996,0.061831,0,0,0,0,0,0,0,0,0,0,0,0,0,0
178.10966,131358.8615,58.132298,131333.7883,-61.873712,131434.0813,174.654725,429.39295,54.476827,431.04094,-65.242704,431.40716,178.126849,131358.8615,0.0,0.0,0.0,0.0,174.631806,430.67472,0.0,0.0,0.0,0.0,59.999,0.0,8.755139957,0.05656,0,171.631166,129853.7188,51.687928,129715.0313,-68.365173,129943.7266,-13.493958,435.218811,-133.470161,436.151489,106.520693,436.283112,171.653145,129835.7422,0.0,0.0,0.0,0.0,-13.477479,435.876831,0.0,0.0,0.0,0.0,60.0,0.0,8.494922837,-3.052707,0,171.629508,129378.0732,51.663604,129378.0732,-68.319487,129428.2197,-13.527534,433.05515,-133.413223,432.32271,106.501395,432.1396,171.658155,129403.1465,0.0,0.0,0.0,0.0,-13.475967,432.50582,0.0,0.0,0.0,0.0,59.999,0.0,8.470037593,-3.049244,0,178.166956,131409.0081,58.178135,130782.1763,-61.810687,131484.2279,174.694832,427.56185,54.734658,427.74496,-65.29427,427.01252,178.178415,131208.4219,0.0,0.0,0.0,0.0,174.712021,427.37874,0.0,0.0,0.0,0.0,60.0,0.0,8.732122735,0.062543,0,0,0,0,0,0,0,0,0,0,0,0,0,0
178.098201,131358.8615,58.120839,131333.7883,-61.890901,131434.0813,174.666184,429.57606,54.465368,430.85783,-65.259893,431.22405,178.11539,131358.8615,0.0,0.0,0.0,0.0,174.626077,430.49161,0.0,0.0,0.0,0.0,60.0,0.0,8.742934356,0.056042,0,171.614691,129859.3438,51.676941,129714.3906,-68.376163,129934.5703,-13.537903,435.25885,-133.497618,436.346069,106.531683,436.071411,171.636657,129835.6484,0.0,0.0,0.0,0.0,-13.499451,435.888306,0.0,0.0,0.0,0.0,60.0,0.0,8.501580235,-3.051103,0,171.612319,129403.1465,51.657875,129352.9999,-68.348135,129403.1465,-13.538993,433.05515,-133.464789,432.32271,106.449829,432.32271,171.640967,129378.0732,0.0,0.0,0.0,0.0,-13.516074,432.50582,0.0,0.0,0.0,0.0,60.0,0.0,8.470647013,-3.050338,0,178.149767,131409.0081,58.160946,130782.1763,-61.827876,131459.1546,174.71775,427.56185,54.746117,427.74496,-65.322918,427.19563,178.161226,131208.4219,0.0,0.0,0.0,0.0,174.71775,427.56185,0.0,0.0,0.0,0.0,60.0,0.0,8.726793949,0.061149,0,0,0,0,0,0,0,0,0,0,0,0,0,0
178.092472,131358.8615,58.115109,131333.7883,-61.890901,131434.0813,174.660454,429.57606,54.44245,430.85783,-65.282811,431.22405,178.10966,131358.8615,0.0,0.0,0.0,0.0,174.608888,430.67472,0.0,0.0,0.0,0.0,59.999,0.0,8.742145122,0.055775,0,171.6092,129858.3203,51.67145,129714.5859,-68.381655,129937.9922,-13.537903,435.155884,-133.481144,436.225891,106.493229,436.094299,171.636657,129836.625,0.0,0.0,0.0,0.0,-13.504945,435.819641,0.0,0.0,0.0,0.0,60.0,0.0,8.497057252,-3.051413,0,171.612319,129403.1465,51.657875,129378.0732,-68.348135,129403.1465,-13.527534,433.05515,-133.476248,432.32271,106.461288,432.32271,171.640967,129378.0732,0.0,0.0,0.0,0.0,-13.510345,432.50582,0.0,0.0,0.0,0.0,60.0,0.0,8.472726102,-3.050813,0,178.149767,131409.0081,58.160946,130782.1763,-61.827876,131459.1546,174.712021,427.37874,54.769036,427.74496,-65.357296,427.19563,178.161226,131208.4219,0.0,0.0,0.0,0.0,174.712021,427.37874,0.0,0.0,0.0,0.0,60.0,0.0,8.727175262,0.061377,0,0,0,0,0,0,0,0,0,0,0,0,0,0
178.069553,131333.7883,58.092191,131333.7883,-61.90236,131434.0813,174.597429,429.39295,54.43672,431.04094,-65.271352,431.22405,178.092472,131358.8615,0.0,0.0,0.0,0.0,174.591699,430.49161,0.0,0.0,0.0,0.0,60.0,0.0,8.755166176,0.057554,0,171.58722,129858.2656,51.649477,129715.9609,-68.398136,129939.4141,-13.53241,435.304627,-133.481144,436.071411,106.438294,436.185852,171.614691,129836.9688,0.0,0.0,0.0,0.0,-13.521424,435.836792,0.0,0.0,0.0,0.0,60.0,0.0,8.482210081,-3.052466,0,171.589401,129403.1465,51.634957,129403.1465,-68.359595,129428.2197,-13.57337,433.05515,-133.470518,432.32271,106.449829,431.95649,171.618048,129403.1465,0.0,0.0,0.0,0.0,-13.527534,432.50582,0.0,0.0,0.0,0.0,59.999,0.0,8.471281993,-3.048919,0,178.126849,131409.0081,58.138027,130782.1763,-61.850794,131484.2279,174.666184,427.74496,54.70601,427.74496,-65.351566,427.01252,178.138308,131208.4219,0.0,0.0,0.0,0.0,174.671913,427.37874,0.0,0.0,0.0,0.0,60.0,0.0,8.721164994,0.062372,0,0,0,0,0,0,0,0,0,0,0,0,0,0
-176.946556,132386.8656,63.088383,132386.8656,-56.923357,132462.0854,-177.98361,330.33044,61.850794,331.79532,-57.83436,331.97843,-176.929367,132411.9389,0.0,0.0,0.0,0.0,-177.995069,331.4291,0.0,0.0,0.0,0.0,60.001,0.0,11.48227132,0.014759,0,178.113097,131494.7344,58.169859,131341.75,-61.883242,131564.3281,-8.670959,336.032867,-128.575743,335.964203,111.349186,336.135864,178.135077,131464.8125,0.0,0.0,0.0,0.0,-8.632508,336.044312,0.0,0.0,0.0,0.0,60.002998,0.0,11.11131339,-3.022379,0,178.10966,131007.8358,58.138027,131007.8358,-61.850794,131083.0556,-8.737606,333.2602,-128.520163,333.62642,111.31424,333.07709,178.132579,131032.909,0.0,0.0,0.0,0.0,-8.651663,333.2602,0.0,0.0,0.0,0.0,60.003,0.0,11.16134923,-3.018124,0,-176.88926,132462.0854,63.134219,131810.1804,-56.866061,132512.232,-177.857559,329.23178,62.228946,329.04867,-57.857278,328.68245,-176.877801,132261.4993,0.0,0.0,0.0,0.0,-177.834641,329.04867,0.0,0.0,0.0,0.0,60.001,0.0,11.41476407,0.01911,0,0,0,0,0,0,0,0,0,0,0,0,0,0
-176.843424,131985.6933,63.191515,131960.62,-56.814495,132035.8398,-178.086742,331.61221,61.925279,333.62642,-57.748416,332.52776,-176.820505,131985.6933,0.0,0.0,0.0,0.0,-177.97215,332.71087,0.0,0.0,0.0,0.0,60.0,0.0,11.42396609,0.024221,0,178.184513,131042.3438,58.252259,130905.5156,-61.811832,131118.0469,-8.605042,336.914063,-128.548286,337.32605,111.45905,337.537781,178.206493,131022.7109,0.0,0.0,0.0,0.0,-8.561097,337.251648,0.0,0.0,0.0,0.0,59.999001,0.0,11.07049333,-3.023124,0,178.195604,130581.5902,58.223971,130531.4436,-61.776309,130606.6634,-8.623015,334.54197,-128.531622,334.35886,111.394455,334.35886,178.218522,130581.5902,0.0,0.0,0.0,0.0,-8.582908,334.35886,0.0,0.0,0.0,0.0,60.0,0.0,11.07892065,-3.021269,0,-176.780398,132035.8398,63.243081,131383.9348,-56.757199,132085.9864,-177.880477,330.14733,62.240405,330.14733,-57.817171,329.598,-176.763209,131835.2537,0.0,0.0,0.0,0.0,-177.823181,329.96422,0.0,0.0,0.0,0.0,60.0,0.0,11.3579076,0.022369,0,0,0,0,0,0,0,0,0,0,0,0,0,0
-176.883531,131960.62,63.151408,131960.62,-56.848872,132035.8398,-178.126849,331.61221,61.896631,333.62642,-57.794253,332.52776,-176.860612,131985.6933,0.0,0.0,0.0,0.0,-178.006528,332.52776,0.0,0.0,0.0,0.0,59.999,0.0,11.41931925,0.024341,0,178.146059,131041.5156,58.208313,130886.375,-61.850279,131122.7969,-8.670959,337.039948,-128.559269,337.406158,111.442569,337.406158,178.173531,131015.3125,0.0,0.0,0.0,0.0,-8.594056,337.280273,0.0,0.0,0.0,0.0,60.0,0.0,11.06576972,-3.021208,0,178.149767,130556.5169,58.183864,130531.4436,-61.810687,130606.6634,-8.663122,334.90819,-128.508704,334.35886,111.342888,334.35886,178.178415,130581.5902,0.0,0.0,0.0,0.0,-8.611556,334.54197,0.0,0.0,0.0,0.0,60.0,0.0,11.04462793,-3.020336,0,-176.809046,132035.8398,63.208704,131383.9348,-56.797306,132085.9864,-177.920584,330.14733,62.194569,330.14733,-57.874467,329.78111,-176.797587,131835.2537,0.0,0.0,0.0,0.0,-177.869018,329.96422,0.0,0.0,0.0,0.0,60.0,0.0,11.35672554,0.021942,0,0,0,0,0,0,0,0,0,0,0,0,0,0
-173.606212,132161.2062,66.428727,132136.1329,-53.577283,132236.426,-172.826989,259.28376,67.282434,261.66419,-52.322506,259.83309,-173.589023,132186.2794,0.0,0.0,0.0,0.0,-172.626454,260.19931,0.0,0.0,0.0,0.0,60.007,0.0,14.68323633,-0.006775,0,-177.492369,131594.7344,62.575379,131439.5,-57.477722,131664.375,-6.204529,264.369965,-126.153266,264.410034,113.854069,264.547363,-177.470404,131565.4531,0.0,0.0,0.0,0.0,-6.166077,264.438629,0.0,0.0,0.0,0.0,60.007,0.0,14.15372578,-2.989242,0,-177.496595,131108.1288,62.549802,131108.1288,-57.433289,131133.2021,-6.176485,262.76285,-126.085092,262.21352,113.812336,261.66419,-177.462218,131108.1288,0.0,0.0,0.0,0.0,-6.147837,262.21352,0.0,0.0,0.0,0.0,60.007,0.01,14.13117609,-2.986545,0,-173.520268,132236.426,66.486023,131584.521,-53.519988,132286.5725,-172.471756,257.81888,67.534535,258.1851,-52.488664,257.81888,-173.520268,132035.8398,0.0,0.0,0.0,0.0,-172.477485,258.00199,0.0,0.0,0.0,0.0,60.007,0.0,14.58472102,-0.017406,0,0,0,0,0,0,0,0,0,0,0,0,0,0
-172.070685,132612.525,67.969983,132587.4518,-52.047486,132687.7448,-171.199789,258.1851,69.047144,260.56553,-50.729683,258.73443,-172.053496,132637.5983,0.0,0.0,0.0,0.0,-170.964877,259.10065,0.0,0.0,0.0,0.0,60.0,0.0,14.76583205,-0.006801,0,-175.932313,132054.4844,64.129944,131910.4531,-55.917666,132144.5469,-4.64447,263.162598,-124.576722,263.477325,115.38117,263.75769,-175.910347,132035.625,0.0,0.0,0.0,0.0,-4.611512,263.465881,0.0,0.0,0.0,0.0,60.0,0.0,14.27290621,-2.989949,0,-175.926691,131584.521,64.113977,131559.4477,-55.874844,131609.5942,-4.652417,261.8473,-124.532377,261.48108,115.376511,260.74864,-175.898043,131584.521,0.0,0.0,0.0,0.0,-4.600851,261.29797,0.0,0.0,0.0,0.0,60.0,0.0,14.24340481,-2.98483,0,-171.996201,132687.7448,68.021549,132035.8398,-51.984461,132737.8914,-170.827367,257.08644,69.224761,257.08644,-50.77552,257.08644,-171.990471,132487.1587,0.0,0.0,0.0,0.0,-170.798719,257.08644,0.0,0.0,0.0,0.0,60.001,0.0,14.67051586,-0.019602,0,0,0,0,0,0,0,0,0,0,0,0,0,0
-172.013389,132537.3052,68.027279,132512.232,-51.984461,132612.525,-171.159682,258.73443,69.092981,260.56553,-50.678117,258.55132,-171.996201,132537.3052,0.0,0.0,0.0,0.0,-170.91904,259.28376,0.0,0.0,0.0,0.0,60.0,0.0,14.69759167,-0.005155,0,-175.882876,131979.5,64.184879,131824.1719,-55.868226,132056.0469,-4.578552,263.322815,-124.598701,263.460144,115.452573,263.64325,-175.86091,131952.5313,0.0,0.0,0.0,0.0,-4.573059,263.477325,0.0,0.0,0.0,0.0,60.0,0.0,14.26139084,-2.99075,0,-175.880854,131509.3012,64.165543,131459.1546,-55.834737,131509.3012,-4.629499,261.8473,-124.549566,261.48108,115.359323,260.93175,-175.852207,131484.2279,0.0,0.0,0.0,0.0,-4.600851,261.48108,0.0,0.0,0.0,0.0,60.001,0.0,14.23432287,-2.985674,0,-171.938905,132612.525,68.067386,131960.62,-51.927165,132662.6716,-170.804448,257.08644,69.276327,257.26955,-50.798438,257.26955,-171.933175,132411.9389,0.0,0.0,0.0,0.0,-170.78153,257.26955,0.0,0.0,0.0,0.0,60.0,0.0,14.6562229,-0.019013,0,0,0,0,0,0,0,0,0,0,0,0,0,0
-172.076415,132411.9389,67.969983,132386.8656,-52.041757,132462.0854,-171.257085,258.91754,69.09871,260.56553,-50.850004,258.73443,-172.053496,132411.9389,0.0,0.0,0.0,0.0,-170.999254,259.46687,0.0,0.0,0.0,0.0,60.0,0.0,14.63207791,-0.004023,0,-175.948801,131842.0938,64.124452,131686.6563,-55.928652,131918.7813,-4.655457,263.465881,-124.620667,264.083862,115.38117,263.935089,-175.92133,131814.8594,0.0,0.0,0.0,0.0,-4.627991,263.826355,0.0,0.0,0.0,0.0,60.0,0.0,14.25113487,-2.989264,0,-175.94388,131383.9348,64.113977,131358.8615,-55.892033,131358.8615,-4.703983,262.21352,-124.62405,261.66419,115.302027,261.29797,-175.909502,131358.8615,0.0,0.0,0.0,0.0,-4.669606,261.66419,0.0,0.0,0.0,0.0,60.0,0.0,14.19794684,-2.98585,0,-171.996201,132462.0854,68.01582,131835.2537,-51.99019,132512.232,-170.867474,257.26955,69.184654,257.63577,-50.855734,257.63577,-171.990471,132286.5725,0.0,0.0,0.0,0.0,-170.844555,257.45266,0.0,0.0,0.0,0.0,60.0,0.0,14.6441534,-0.019447,0,0,0,0,0,0,0,0,0,0,0,0,0,0
-172.168088,132361.7923,67.87258,132336.7191,-52.139159,132411.9389,-171.337299,259.28376,69.007037,260.56553,-50.958866,258.91754,-172.14517,132386.8656,0.0,0.0,0.0,0.0,-171.096657,259.64998,0.0,0.0,0.0,0.0,60.0,0.0,14.58479185,-0.004717,0,-176.047675,131792.7813,64.025579,131641.8438,-56.02753,131868.3438,-4.704895,263.751984,-124.708558,263.980866,115.282296,263.883606,-176.020204,131765.0625,0.0,0.0,0.0,0.0,-4.710388,263.866425,0.0,0.0,0.0,0.0,60.0,0.0,14.20714233,-2.990501,0,-176.041283,131333.7883,64.005115,131308.715,-55.989436,131333.7883,-4.807116,262.21352,-124.675616,262.03041,115.175976,261.48108,-176.006905,131308.715,0.0,0.0,0.0,0.0,-4.772738,261.8473,0.0,0.0,0.0,0.0,60.0,0.0,14.19503435,-2.984979,0,-172.087874,132437.0121,67.918417,131785.1071,-52.076134,132487.1587,-170.987795,257.26955,69.081521,257.63577,-50.987514,257.45266,-172.087874,132236.426,0.0,0.0,0.0,0.0,-170.970606,257.45266,0.0,0.0,0.0,0.0,59.999,0.0,14.63406586,-0.018132,0,0,0,0,0,0,0,0,0,0,0,0,0,0
